Hlavní budova:
[-1,-1,0][90,50,0][10,90,0][10,10,0][50,90,0][90,10,0][60,60,0][50,60,0][60,50,0][50,84,30][50,66,30][50,84,0][50,66,0][95,63,0][91,54,0][81,52,0][73,58,0][73,69,0][81,75,0][91,73,0][95,63,30][91,54,30][81,52,30][73,58,30][73,69,30][81,75,30][91,73,30][50,90,51][50,60,51][60,50,51][90,50,51][90,10,51][10,10,51][10,90,51][60,60,51][40,90,51][20,90,51][90,20,51][90,40,51][98,20,0][40,98,0][20,98,0][90,40,0][90,20,0][98,40,0][40,90,0][20,90,0][20,80,51][80,27,51][80,20,51][20,20,51][44,48,51][40,40,105][47,43,51][29,80,51][22,66,30][22,66,0]:24,23,22,21,27,26,25;34,28,29,35,30,31,32,33;57,56,11,13;14,14,21,27,20;19,20,27,26;18,19,26,25;24,25,18,17;12,5,28,29,8,13,11,10;28,5,3,34;4,3,34,33;4,33,32,6;32,31,2,6;30,31,2,9;29,35,7,8;35,30,9,7;44,40,38;43,39,45;44,43,45,40;38,39,45,40;47,42,37;36,41,46;37,36,41,42;48,53,51;51,53,50;53,50,49;53,55,48;53,52,54;14,21,22,15;15,22,23,16;24,23,16,17:0000cc,888888,111111,006600,006600,006600,006600,444444,444444,444444,444444,444444,444444,444444,444444,111111,111111,111111,111111,111111,111111,111111,ff5500,ff5500,551100,551100,551100,006600,006600,006600

věž:
[1,1,0][90,90,0][10,90,0][90,10,0][10,10,0][10,90,100][10,10,100][90,10,100][90,90,100][90,36,49][90,64,49][90,30,0][90,70,0][70,30,100][90,30,100][70,10,100][30,10,100][30,70,118][10,30,100][70,90,100][30,90,100][70,70,100][10,70,100][30,30,100][30,70,100][90,70,100][10,70,118][30,90,118][10,90,118][90,70,118][70,70,118][90,90,118][70,90,118][30,30,118][90,10,118][70,10,118][90,30,118][10,10,118][30,10,118][70,30,118][10,30,118][50,50,250][78,50,100][73,34,100][59,24,100][42,24,100][28,34,100][22,50,100][28,67,100][42,77,100][59,77,100][73,67,100][80,20,0][80,80,0][80,80,51][80,20,51]:9,2,13,11,10,12,4,8;6,9,2,3;5,7,6,3;5,7,8,4;29,6,21,28;21,28,18,25;27,18,25,23;27,23,6,29;9,32,30,26;31,30,26,22;31,22,20,33;20,9,32,33;14,15,37,40;36,40,14,16;36,16,8,35;8,15,37,35;38,7,17,39;24,34,39,17;19,24,34,41;38,41,19,7;52,43,44,45,46,47,48,49,50,51;46,42,45;45,42,44;42,44,43;42,43,52;42,52,51;42,51,50;42,50,49;42,49,48;42,48,47;42,47,46;56,53,54,55;31,30,32,33;40,37,35,36;41,34,39,38;;;27,18,28,29:cccccc,cccccc,cccccc,cccccc,999999,999999,999999,999999,999999,999999,999999,999999,999999,999999,999999,999999,999999,999999,999999,999999,ff4400,ff4400,ff4400,ff4400,ff4400,ff4400,ff4400,ff4400,ff4400,ff4400,ff4400,000000,bbbbbb,bbbbbb,bbbbbb,bbbbbb,bbbbbb,bbbbbb

velký dům:
[1,1,0][90,10,0][10,10,0][90,90,0][10,90,0][30,30,30][70,30,30][30,70,30][70,70,30][90,70,0][90,30,0][70,30,72][90,30,72][70,70,72][90,70,72][90,40,30][90,60,30][90,40,0][90,60,0][30,30,96][30,70,96][70,30,96][70,70,96][70,30,81][70,70,81][50,50,147]:14,9,10,15;12,7,11,13;13,11,18,16,17,19,10,15;12,13,15,14;9,10,4;7,11,2;;3,6,8,5;;3,6,7,2;8,9,4,5;23,9,7,22;20,22,7,6;6,20,21,8;21,23,9,8;25,14,15;24,12,13;24,25,15,13;;26,23,21;26,21,20;26,22,20;26,23,22:555555,555555,555555,555555,cccccc,cccccc,cccccc,cccccc,cccccc,cccccc,cccccc,777777,777777,777777,777777,777777,777777,ff7700,ff7700,ff9900,ff9900,ff9900,ff9900

banka:
[1,1,0][10,60,0][90,60,0][10,10,0][90,10,0][30,60,0][70,60,0][70,60,39][10,60,51][90,10,51][30,60,39][10,10,51][90,60,51][30,80,0][27,73,0][18,71,0][11,76,0][11,85,0][18,90,0][27,88,0][90,80,0][87,73,0][78,71,0][71,76,0][71,85,0][78,91,0][87,88,0][90,80,51][87,73,51][78,71,51][71,76,51][71,85,51][78,91,51][87,88,51][30,80,51][27,73,51][18,71,51][11,76,51][11,85,51][18,90,51][27,88,51][10,90,51][90,90,51][9,9,60][91,9,60][9,91,60][91,91,60][20,20,60][80,20,60][20,80,60][80,80,60][20,80,111][80,80,111][20,20,111][80,20,111][50,50,177][30,20,0][70,20,0][30,20,39][70,20,39]:16,37,36,15;15,36,35,14;14,35,41,20;19,20,41,40;18,19,40,39;38,17,18,39;38,38,17,16,37;;26,33,34,27;27,34,28,21;21,28,29,22;30,29,22,23;30,23,24,31;;31,24,25,32;25,26,33,32;;9,2,6,11,8,7,3,13;4,12,9,2;12,10,5,4;13,3,5,10;12,42,43,10;43,47,45,10;10,45,44,12;43,47,46,42;46,42,12,44;44,45,47,46;50,52,53,51;50,52,54,48;54,55,49,48;55,49,51,53;54,55,53,52;52,56,53;56,53,55;54,55,56;54,56,52;59,11,8,60;8,7,58,60;11,6,57,59;59,60,58,57:999999,999999,999999,999999,999999,999999,999999,999999,999999,999999,999999,999999,999999,999999,999999,999999,999999,444444,444444,444444,444444,444444,888888,888888,888888,888888,55cc55,cccccc,cccccc,cccccc,cccccc,cccccc,995500,995500,995500,995500,444444,444444,444444,444444

ambasáda:
[1,1,0][0,0,0][100,0,0][0,100,0][100,100,0][0,0,24][0,100,24][100,0,24][100,100,24][30,100,24][70,100,24][30,40,24][70,40,24][30,100,0][70,100,0][75,30,24][30,85,24][20,71,24][3,77,24][3,94,24][20,100,24][100,85,24][90,71,24][73,77,24][73,94,24][90,100,24][30,15,24][20,1,24][3,7,24][3,24,24][20,30,24][100,15,24][90,1,24][73,7,24][73,24,24][90,30,24][18,77,105][21,86,105][18,94,105][9,90,105][9,82,105][8,10,105][19,8,105][22,15,105][18,23,105][8,20,105][78,11,105][89,7,105][93,16,105][78,20,105][87,24,105][87,77,105][77,82,105][93,86,105][79,91,105][88,93,105][25,30,24][25,70,24][75,70,24][25,30,105][25,70,105][75,30,105][75,70,105][30,70,66][70,70,66][30,70,24][70,70,24][15,86,105][85,85,105][85,15,105][14,15,105][50,50,183]:6,7,10,12,13,11,9,8;4,7,10,14;4,7,6,2;15,11,9,5;9,5,3,8;8,3,2,6;10,14,12;15,13,11;14,15,13,12;24,53,52,23;23,52,54,22;54,22,26,56;55,56,26,25;;24,53,55,25;37,18,17,38;38,17,21,39;40,39,21,20;41,40,20,19;41,37,18,19;50,35,36,51;51,36,32,49;49,32,33,48;33,48,47,34;34,47,50,35;43,28,27,44;44,27,31,45;46,45,31,30;30,46,42,29;29,28,43,42;;58,61,60,57;57,12,13,16;57,60,62,16;62,63,59,16;;;65,65,65;64,65,67,59,63,61,58,66;71,72,70;72,70,69;72,69,68;71,72,68;53,52,54,56,55;47,48,49,51,50;43,44,45,46,42;37,38,39,40,41:009900,444444,444444,444444,444444,444444,222222,222222,333333,cccccc,cccccc,cccccc,cccccc,cccccc,cccccc,cccccc,cccccc,cccccc,cccccc,cccccc,cccccc,cccccc,cccccc,cccccc,cccccc,cccccc,cccccc,cccccc,cccccc,cccccc,cccccc,999999,999999,999999,999999,999999,999999,999999,999999,ff9900,ff9900,ff9900,ff9900,444499,444499,444499,444499

radnice:
[1,1,0][10,10,0][10,90,0][40,90,0][60,90,0][90,90,0][90,10,0][40,50,0][60,50,0][40,60,0][40,80,0][60,60,0][60,80,0][40,60,30][40,80,30][60,60,30][60,80,30][10,60,30][10,80,30][90,60,30][90,80,30][10,60,0][10,80,0][90,60,0][90,80,0][40,50,51][10,10,51][40,90,51][10,90,51][60,50,51][90,10,51][60,90,51][90,90,51][20,20,51][35,75,51][29,66,51][17,70,51][17,81,51][29,85,51][85,75,51][79,66,51][67,70,51][67,81,51][79,85,51][79,85,151][85,75,151][79,66,151][67,70,151][67,81,151][29,85,151][35,75,151][29,66,151][17,70,151][17,81,151][20,40,51][80,20,51][80,40,51][39,40,51][60,40,51][39,40,81][60,40,81][20,40,151][20,20,151][80,20,151][80,40,151][25,75,151][75,75,151][50,50,250][75,25,151][25,25,151]:6,25,21,20,24,7,31,33;2,27,29,3,23,19,18,22;18,19,15,14;16,17,21,20;22,18,14,10;23,19,15,11;13,17,21,25;12,12,16,20,24;28,4,11,15,14,10,8,26;13,5,32,30,9,12,16,17;26,8,9,30;2,27,31,7;5,32,33,6;3,29,28,4;26,30,32,33,31,27,29,28;36,51,50,35;;54,50,35,39;54,39,38,53;38,53,52,37;52,51,36,37;42,47,46,41;41,46,45,40;;48,49,44,43;45,40,44,49;42,47,48,43;55,58,60,61,59,57,65,62;55,62,63,34;57,65,64,56;34,63,64,56;66,68,67;;66,68,70;67,68,69;68,69,70:cccccc,cccccc,444444,444444,444444,444444,444444,444444,777777,777777,777777,cccccc,cccccc,cccccc,cccccc,999999,999999,999999,999999,999999,999999,999999,999999,999999,999999,999999,999999,cccccc,cccccc,cccccc,cccccc,ff9900,ff9900,ff9900,ff9900,ff9900

chata:
[1,1,0][1,0,0][100,0,0][100,50,0][50,50,0][50,80,0][1,80,0][70,65,0][100,65,0][70,50,0][70,50,12][100,50,12][70,65,12][100,65,12][50,72,0][50,55,0][50,55,30][50,72,30][50,50,51][100,50,51][100,0,51][1,0,51][1,80,51][50,80,51][75,50,12][96,50,12][75,50,42][96,50,42][50,65,51][0,10,15][0,10,36][0,30,36][0,40,36][0,60,36][0,30,15][0,40,15][0,60,15][10,50,51][30,50,51][10,50,81][30,50,81][50,50,99][0,50,99][1,0,99][100,0,99][100,50,99][0,50,51][27,57,51][27,57,81][25,25,132][75,25,132][50,65,63][50,80,63][1,80,63][0,50,63][75,30,12][96,30,12][75,30,42][96,30,42][85,66,42][85,66,12][17,55,0][17,72,0][17,72,30][17,55,30]:8,13,14,9;8,13,11,10;10,11,12,4;12,14,9,4;24,6,15,18,17,16,5,19;;19,5,10,11,25,27,28,26,4,20;19,11,13,29;23,24,6,7;2,22,23,7;2,22,21,3;;21,3,4,20;;30,31,32,35;36,33,34,37;;43,43,43;47,43,42,19,39,41,40,38;47,43,44,22;22,44,45,21;45,46,20,21;42,46,20,19;40,49,48,38;46,51,45;44,50,51,45;;;44,50,43;43,50,51,46;47,19,24,23;47,55,54,23;54,53,24,23;53,24,29,52,52,52;56,57,59,58;58,56,25,27;25,26,57,56;58,59,28,27;57,26,28,59;25,61,60,27;65,17,18,64;62,16,17,65;62,65,64,63;63,64,18,15;53,53,53;11,11,11;11,12,14,13:cccccc,cccccc,cccccc,cccccc,666666,666666,ccddcc,997700,ccddcc,ccddcc,ccddcc,ccddcc,ccddcc,ccddcc,0000ff,0000ff,0000ff,0000ff,cccccc,cccccc,cccccc,cccccc,ccddcc,994400,994400,994400,994400,994400,ff9900,ff9900,cccccc,997700,997700,997700,444444,444444,444444,444444,444444,994400,444444,444444,444444,444444,444444,444444,cccccc

dům:
[1,1,0][20,10,0][20,90,0][70,90,0][80,10,0][70,50,0][80,50,0][70,60,0][70,80,0][70,60,30][70,80,30][70,50,51][70,90,51][30,60,30][30,80,30][30,60,0][30,80,0][80,50,51][80,10,51][20,10,51][20,90,51][70,70,0][90,70,0][85,56,0][70,50,0][62,28,57][50,50,84][74,28,54][70,90,0][85,85,0][90,70,6][85,56,6][70,50,6][62,37,69][74,37,57][80,90,51][70,90,6][85,85,6][62,28,99][62,37,99][74,37,99][74,28,99][80,20,39][80,40,39][80,40,0][90,40,0][90,20,0][80,20,0][80,90,3][70,90,0][1,1,1]:13,4,9,11,10,8,6,12;16,14,10,10,8;10,11,15,14;17,15,11,9;16,14,15,17;3,21,13,4;3,21,20,2;2,20,19,5;19,18,7,5;12,18,7,6;25,24,23,30,29;33,32,31,38,37;33,25,24,32;32,24,23,31;31,23,30,38;38,30,29,37;40,34,35,41;40,34,26,39;39,26,28,42;28,35,41,42;26,28,42,39;39,40,41,42;21,27,36;21,27,20;36,27,19;20,27,19;43,48,47;44,46,45;43,44,46,47;;50,50,50;50,49,36,13:cccccc,444444,444444,444444,444444,cccccc,cccccc,cccccc,cccccc,cccccc,cccccc,ccccaa,ccccaa,ccccaa,ccccaa,ccccaa,cccccc,cccccc,cccccc,cccccc,cccccc,cccccc,ff9900,ff9900,ff9900,ff9900,666666,666666,666666,undefined,undefined,996600

popravište:
[1,1,0][20,20,0][20,80,0][80,20,0][80,80,0][20,20,24][20,80,24][20,60,24][30,60,24][80,80,24][80,20,24][20,40,24][30,40,24][20,40,0][20,60,0][45,27,24][56,27,24][45,35,24][56,35,24][45,35,81][56,35,81][45,27,81][56,27,81][45,68,81][56,68,81][45,68,90][56,68,90][45,27,90][56,27,90][40,50,24][60,50,24][40,70,24][60,70,24][40,50,33][60,50,33][40,70,33][60,70,33][47,60,81][53,60,81][47,60,60][53,60,60][50,60,57][47,60,57][53,60,57][45,60,50][54,60,50][41,60,47][61,60,47]:14,12,6,2;15,8,7,3;14,13,12;15,8,9;14,15,9,13;3,7,10,5;5,10,11,4;2,6,11,4;6,11,10,7;20,18,19,21;20,18,16,22;22,16,17,23;;17,19,21,23;22,20,21,23;24,25,23,22;28,22,24,26;26,24,25,27;25,27,29,23;28,29,23,22;33,37,35,31;34,30,31,35;34,30,32,36;36,32,33,37;;;38,39,41,42,45,46,42,41,44,48,47,43,40;26,27,29,28;34,35,37,36:663300,663300,CCCCCC,CCCCCC,CCCCCC,663300,663300,663300,663300,663300,663300,663300,663300,663300,663300,663300,663300,663300,663300,443300,003300,003300,003300,003300,003300,003300,FF9900,443300,003300

posed:
[1,1,0][30,30,0][70,30,0][30,70,0][70,70,0][30,24,0][70,24,0][30,76,0][70,76,0][24,30,0][24,70,0][75,70,0][76,30,3][24,24,0][76,24,0][24,76,0][75,76,0][34,60,99][40,60,99][34,66,99][40,66,99][60,60,99][60,66,99][66,60,99][66,66,99][60,40,99][66,40,99][66,34,99][60,34,99][39,40,99][39,34,99][34,34,99][33,40,99][39,34,138][34,34,138][33,40,138][60,34,138][66,34,138][66,40,138][35,66,138][34,60,138][40,66,138][60,66,138][66,66,138][66,60,138][34,50,144][66,50,144]:33,10,2,30;30,2,6,31;14,6,31,32;32,14,10,33;29,7,3,26;29,7,15,28;15,13,27,28;26,3,13,27;22,24,12,5;12,17,25,24;23,9,17,25;22,5,9,23;4,19,21,8;11,4,19,18;18,11,16,20;20,16,8,21;11;4,8,25,24;18,20,9,5;5,12,27,26;3,13,24,22;29,6,2,26;31,30,3,7;10,2,19,18;33,30,4,11;32,20,25,28;;24,45,44,25;25,44,43,23;40,42,21,20;40,20,18,41;35,36,33,32;35,34,31,32;37,38,28,29;38,39,27,28;40,44,38,35;38,44,47;46,35,40;46,47,38,35;46,47,44,40:663300,663300,663300,663300,663300,663300,663300,663300,663300,663300,663300,663300,663300,663300,663300,663300,663300,663300,663300,663300,663300,663300,663300,663300,663300,663300,663300,663300,663300,663300,663300,663300,663300,663300,663300,663300,663300,663300,663300,663300,663300

pokladnice:
[1,1,0][20,20,0][20,80,0][80,80,0][80,20,0][35,80,0][65,80,0][35,90,0][65,90,0][40,90,0][60,90,0][40,50,0][60,50,0][40,50,30][60,50,30][60,90,30][40,90,30][35,90,36][65,90,36][35,80,36][65,80,36][20,80,51][20,20,51][80,20,51][80,80,51][40,80,51][60,80,51][40,80,0][60,80,0][40,80,30][60,80,30][50,50,79][50,50,79][50,50,79][50,50,79][50,50,79][50,50,79][50,50,79][65,50,75][60,39,75][47,36,75][37,44,75][37,57,75][47,65,75][60,62,75][70,50,71][63,35,71][46,31,71][32,42,71][32,59,71][46,70,71][63,66,71][73,50,67][65,33,67][45,28,67][30,41,67][30,60,67][45,73,67][65,68,67][76,50,63][67,30,63][45,25,63][27,39,63][27,62,63][45,76,63][67,71,63][77,50,59][67,29,59][44,24,59][26,39,59][26,62,59][44,77,59][67,72,59][78,50,55][68,29,55][44,23,55][25,38,55][25,63,55][44,78,55][68,72,55][78,50,51][68,29,51][44,23,51][25,38,51][25,63,51][44,78,51][68,72,51]:;10,17,14,12;16,11,13,15;14,15,13,12;17,16,15,14;19,9,11,16,17,10,8,18;19,9,7,21;8,18,20,6;18,19,21,20;3,22,23,2;3,22,26,28;29,27,25,4;25,4,5,24;2,5,24,23;26,30,31,27;23,24,25,22;;;;;;;;39,45,38,32;40,39,32,33;41,40,33,34;42,41,34,35;43,42,35,36;44,43,36,37;45,44,37,38;46,52,45,39;47,46,39,40;48,47,40,41;49,48,41,42;50,49,42,43;51,50,43,44;52,51,44,45;53,59,52,46;54,53,46,47;55,54,47,48;56,55,48,49;57,56,49,50;58,57,50,51;59,58,51,52;60,66,59,53;61,60,53,54;62,61,54,55;63,62,55,56;64,63,56,57;65,64,57,58;66,65,58,59;67,73,66,60;68,67,60,61;69,68,61,62;70,69,62,63;71,70,63,64;72,71,64,65;73,72,65,66;74,80,73,67;75,74,67,68;76,75,68,69;77,76,69,70;78,77,70,71;79,78,71,72;80,79,72,73;81,87,80,74;82,81,74,75;83,82,75,76;84,83,76,77;85,84,77,78;86,85,78,79;87,86,79,80:444444,444444,444444,444444,444444,666666,666666,666666,666666,CCCCCC,CCCCCC,CCCCCC,CCCCCC,CCCCCC,CCCCCC,CCCCCC,FF9900,FF9900,FF9900,FF9900,FF9900,FF9900,FF9900,FF9900,FF9900,FF9900,FF9900,FF9900,FF9900,FF9900,FF9900,FF9900,FF9900,FF9900,FF9900,FF9900,FF9900,FF9900,FF9900,FF9900,FF9900,FF9900,FF9900,FF9900,FF9900,FF9900,FF9900,FF9900,FF9900,FF9900,FF9900,FF9900,FF9900,FF9900,FF9900,FF9900,FF9900,FF9900,FF9900,FF9900,FF9900,FF9900,FF9900,FF9900,FF9900,FF9900,FF9900,FF9900,FF9900,FF9900,FF9900,FF9900 

tržiště:
[1,1,0][10,10,0][90,40,24][90,40,0][90,10,0][10,90,0][40,90,0][10,40,0][40,45,0][10,45,0][10,45,24][40,45,24][10,90,24][40,90,24][10,40,24][90,10,24][10,10,24][10,40,9][10,45,9][80,40,9][40,45,9][40,80,9][80,80,9][10,40,0][10,45,0][40,45,0][40,80,0][80,80,0][80,40,0][40,45,24][10,45,24][40,55,51][10,45,51][40,55,24][40,80,24][40,45,51][10,90,51][40,80,51][40,90,51][25,65,66][49,55,24][49,80,24][31,55,24][31,80,24][65,37,24][83,28,24][72,7,24][53,17,24][53,17,36][72,7,36][65,37,36][83,28,36][14,14,24][14,36,24][41,14,24][41,36,24][14,14,60][41,14,60][14,36,60][41,36,60][28,24,87]:8,15,3,4;8,15,17,2;2,17,16,5;16,3,4,5;17,16,3,15;10,9,12,11;6,13,14,7;10,11,13,6;12,14,7,9;;27,22,23,28;23,28,29,20;20,29,24,18;24,18,19,25;25,19,21,26;26,21,22,27;18,20,23,22,21,19;13,37,39,14;13,37,33,31;31,33,36,30;36,32,34,30;38,35,14,39;37,40,39;40,39,36;37,40,33;33,40,36;;43,44,42,41;45,51,52,46;49,51,52,50;45,51,49,48;48,49,50,47;50,52,46,47;54,59,60,56;54,59,57,53;53,57,58,55;58,60,56,55;59,61,60;59,61,57;61,58,57;61,60,58:CCCCCC,CCCCCC,CCCCCC,CCCCCC,CCCCCC,663300,663300,663300,663300,663300,00CC00,00CC00,CCCCCC,CCCCCC,CCCCCC,CCCCCC,003300,663300,663300,663300,663300,663300,FF9900,FF9900,FF9900,FF9900,663300,FF9900,663300,663300,663300,663300,663300,CCCCCC,CCCCCC,CCCCCC,CCCCCC,FF9900,FF9900,FF9900,FF9900

chrám1:
[1,1,0][10,90,0][10,10,0][90,10,0][90,90,0][30,80,60][70,80,60][20,70,60][20,30,60][30,20,60][80,70,60][80,30,60][70,20,60][30,30,60][30,70,60][70,70,60][70,30,60][60,80,60][40,80,60][40,90,60][60,90,60][40,90,0][60,90,0][40,30,60][60,30,60][30,40,60][30,60,60][40,70,60][60,70,60][70,40,60][70,60,60][40,60,60][60,60,60][40,40,60][60,40,60][40,40,160][60,40,160][40,60,160][60,60,160][50,50,200]:;;2,6,19,22;22,19,20;5,7,18,23;18,23,21;19,18,21,20;3,10,14;3,14,9;13,4,17;17,4,12;7,16,5;16,11,5;2,8,15;2,15,6;3,9,8,2;12,11,5,4;3,4,13,10;9,14,10,13,17,12,11,16,7,6,15,8;28,38,32;27,32,38;26,34,36;24,34,36;25,35,37;35,30,37;39,31,33;39,33,29;28,29,39,38;31,30,37,39;24,25,37,36;26,36,38,27;38,40,39;39,40,37;36,37,40;36,40,38:undefined,000000,CCCCCC,666666,CCCCCC,666666,FF9900,666666,666666,666666,666666,666666,666666,666666,666666,CCCCCC,CCCCCC,CCCCCC,00CC00,663300,663300,663300,663300,663300,663300,663300,663300,FF9900,FF9900,FF9900,FF9900,FFFF00,FFFF00,FFFF00,FFFF00

chrám2:
[1,1,0][10,10,0][10,90,0][90,90,0][90,10,0][20,20,40][20,80,40][80,20,40][80,80,40][40,80,40][60,80,40][40,90,40][60,90,40][40,90,0][60,90,0][45,90,0][55,90,0][45,90,30][55,90,30][56,84,30][56,84,0][30,30,40][30,70,40][70,70,40][70,30,40][40,40,140][60,40,140][40,60,140][60,60,140][45,45,140][45,55,140][55,55,140][55,45,140][50,50,250][30,20,40][20,30,40][70,20,40][80,30,40][20,70,40][30,80,40][70,80,40][80,70,40][25,75,150][25,25,150][75,25,150][75,75,150][50,61,140]:14,12,13,15,17,19,18,16;16,18,20,21;13,11,15;14,10,12;3,14,10,7;4,9,11,15;6,7,10,12,13,11,9,8;4,9,8,5;3,7,6,2;2,5,8,6;23,28,29,24;23,28,26,22;22,25,27,26;27,29,24,25;26,27,29,28;31,34,32;32,33,34;30,33,34;30,34,31;41,46,9;9,46,42;42,46,24;24,46,41;25,45,38;45,38,8;45,8,37;45,37,25;44,22,35;44,35,6;6,44,36;36,44,22;39,23,43;23,40,43;7,43,40;7,43,39;28,29,47:666666,663300,666666,666666,CCCCCC,CCCCCC,00CC00,CCCCCC,CCCCCC,CCCCCC,CCCCCC,CCCCCC,CCCCCC,CCCCCC,003300,FFFF00,FFFF00,FFFF00,FFFF00,FF9900,FF9900,FF9900,FF9900,FF9900,FF9900,FF9900,FF9900,FF9900,FF9900,FF9900,FF9900,FF9900,FF9900,FF9900,FF9900,FF9900

pravěký dům:
[1,1,0][45,20,35][55,20,35][45,80,35][55,80,35][45,20,40][55,20,40][55,80,40][45,80,40][45,70,35][45,60,35][46,50,35][45,40,35][45,30,35][55,30,35][55,40,35][55,50,35][55,60,35][55,70,35][45,30,40][1,1,1][45,40,40][1,1,1][46,50,40][45,60,40][1,1,1][45,70,40][1,1,1][1,1,1][45,20,0][55,20,0][45,30,0][55,30,0][45,70,0][55,70,0][45,80,0][55,80,0][20,20,0][20,80,0][10,20,0][10,30,0][60,20,40][10,40,0][20,40,0][10,80,0][10,70,0][20,70,0][10,60,0][20,60,0][10,50,0][20,50,0][60,80,40][69,41,5][91,44,5][1,1,1][73,33,5][1,1,1][83,51,5][71,51,0][94,45,0][95,36,0][90,40,0][66,40,0][73,49,5][1,1,1][70,30,0][83,27,0][84,54,0][83,30,5][89,37,5][87,33,0][78,31,0][71,36,0][71,45,0][78,50,0][87,48,0][1,1,1][1,1,1][60,70,40][60,60,40][60,50,40][60,40,40][60,30,40][70,75,40][70,65,40][70,25,40][70,55,40][70,45,40][69,35,40]:;6,2,3,7;3,5,8,7;6,2,4,9;6,7,8,9;30,32,14,2;31,33,15,3;30,31,3,2;32,33,15,14;;;;4,10,34,36;10,19,35,34;19,5,37,35;;4,5,37,36;42;;;39,4,9,45;40,38,2,6;;;;27,9,45,46;6,20,41,40;41,43,22,20;50,48,25,24;43,44,51,50;48,49,47,46;42,7,8,52;66,72,56;66,56,73;73,72,56;73,74,53;63,53,73;74,63,53;74,75,64;59,74,64;59,75,64;58,76,68;58,76,75;75,68,58;54,62,76;54,60,62;54,60,76;72,73,74,75,76,62,71;70,62,61;71,61,70;71,62,70;71,67,69;72,67,69;72,71,69;;;6,7,3,2;52,84,79;80,85,79;81,87,80;42,86,83;83,89,82;88,82,81;9,8,5,4;27,40,41,9:undefined,663300,663300,663300,663300,663300,663300,663300,663300,663300,663300,663300,663300,663300,663300,663300,663300,663300,663300,663300,663300,663300,663300,663300,663300,663300,663300,663300,663300,003300,003300,FF9900,666666,666666,666666,666666,666666,666666,666666,666666,666666,666666,666666,666666,666666,666666,666666,000000,666666,666666,666666,666666,666666,666666,000000,666666,663300,00CC00,003300,66FF33,66FF33,00CC00,66FF33,663300,552200

pravěká hlavní budova:
[1,1,0][30,30,0][40,40,0][30,80,0][40,80,0][80,30,0][80,40,0][30,70,0][40,70,0][30,40,0][40,30,0][70,30,0][70,40,0][30,30,35][30,40,35][40,40,35][40,30,35][30,70,35][40,70,35][40,80,35][30,80,35][70,40,35][80,40,35][70,30,35][80,30,35][40,80,40][80,40,40][30,80,40][30,30,40][80,30,40][40,40,40][30,70,40][30,40,40][40,30,40][70,30,40][80,10,0][70,10,0][30,10,0][40,10,0][10,30,0][10,40,0][10,70,0][10,80,0][50,10,0][60,10,0][50,30,40][60,30,40][30,50,40][30,60,40][10,50,0][10,60,0][70,40,40][40,70,40][60,40,40][40,60,40][80,69,0][75,62,0][67,61,0][61,68,0][62,76,0][70,80,0][78,77,0][80,69,0][96,38,0][97,40,0][95,39,0][95,38,0][85,69,5][80,62,5][80,79,5][58,64,0][70,58,5][86,72,0][80,59,0][67,56,0][60,75,5][57,77,0][63,83,0][80,82,0][96,39,0][73,85,0][85,76,0][61,64,5][57,70,0][57,70,0][68,83,5][76,56,0][87,64,0]:;14,2,11,17;14,2,10,15;10,3,16,15;11,3,16,17;24,12,13,22;12,6,25,24;25,6,7,23;13,7,23,22;18,8,9,19;18,21,4,8;4,5,20,21;9,5,20,19;18,19,16,15;17,24,22,16;28,26,31,27,30,29;28,21,20,26;28,21,14,29;29,14,17,25,30;30,25,23,27;27,23,16,31;20,26,31,16;43,28,32,42;40,41,33,29;40,38,29;38,39,34,29;37,36,30,35;45,37,35,47;;39,44,46,34;51,49,48,50;48,50,41,33;50,32,28,51;48,49,43,42;53,26,27,52;54,55,31;56,57,58,59,60,61,62,63;70,79,62;79,82,70;62,82,70;88,68,73;63,73,68;63,88,68;74,88,69;57,74,69;57,88,69;75,87,72;75,58,72;87,58,87,58;87,57,72;58,57,72;71,58,83;71,59,83;58,59,83;85,59,60,77;85,59,76;59,60,76;85,77,76;77,60,76;61,81,86;86,61,78;78,81,86;46,47,45,44:663300,663300,663300,663300,663300,663300,663300,663300,663300,663300,663300,663300,663300,663300,552200,552200,552200,552200,552200,552200,552200,552200,663300,663300,663300,663300,663300,665500,662200,663300,663300,773300,553300,553300,003300,003300,000000,666666,666666,666666,666666,666666,undefined,666666,666666,666666,undefined,666666,666666,666666,666666,666666,undefined,666666,666666,666666,666666,undefined,666666,666666,666666,666666,663300

dílny na prkna1:
[1,1,0][20,90,0][20,30,0][40,70,0][40,30,0][60,70,0][60,90,0][80,30,0][60,30,0][50,30,0][80,90,0][40,50,0][40,60,0][21,60,0][21,50,0][20,30,27][40,30,27][20,90,27][60,90,27][60,70,27][40,70,27][40,60,18][40,50,18][21,60,18][21,50,18][49,53,18][49,53,0][1,1,1][50,30,6][60,30,6][80,30,6][80,90,6][60,90,6][50,80,39][30,80,39][30,40,39][60,85,15][60,82,15][65,82,1][65,85,1][76,85,1][73,86,1][70,67,1][73,66,1][63,64,1][61,61,1][76,45,1][78,48,1][61,39,1][64,37,1][73,58,2][74,54,2][40,30,6][50,91,10][40,91,10][40,91,19][50,91,19][19,70,19][19,80,19][19,80,10][19,70,10][19,50,10][19,40,10][19,40,19][19,50,19][41,45,19][41,35,19][41,45,10][41,35,10][1,1,1][1,1,1][1,1,1][1,1,1][1,1,1][1,1,1][1,1,1][1,1,1][1,1,1]:18,2,7,19;19,20,6,7;2,3,16,18;3,5,17,16;5,12,23,22,13,4,21,17;4,6,20,21;13,14,15,12;22,24,14,13;24,14,15,25;15,12,23,25;22,24,25,23;22,26,27,13;33,7,11,32;11,32,31,8;8,9,30,31;;;;19,34,35,18;19,34,20;34,35,21,20;;;17,16,36;16,36,35,18;37,38,39,40;;7,9,8,11;;42,41,44,43;45,46,47,48;51,52,50,49;35,21,17,36;;;10,5,53,29;57,54,55,56;59,58,61,60;62,63,64,65;66,68,69,67;:ffffffff,ffffffff,ffffffff,ffffffff,ffffffff,ffffff,undefined,undefined,undefined,undefined,undefined,552200,555555,555555,555555,555555,undefined,undefined,775500,775500,775500,775500,775500,775500,775500,552200,undefined,555555,undefined,662200,553300,552200,775500,775500,000099,555555,000099,000099,000099,000099

US garáž:
[1,1,0][20,80,0][80,80,0][80,20,0][20,20,0][50,80,30][50,20,30][60,20,27][60,80,27][40,20,27][40,80,27][70,20,18][30,20,18][30,80,18][70,80,18][40,80,18][60,80,18][60,80,0][40,80,0][45,88,0][57,88,0][45,88,18][57,88,18]:;3,18,17,16,19,2,14,11,6,9,15;4,5,13,10,7,8,12;18,17,23,21;20,19,16,22;;;3,4,12,15;15,9,8,12;9,6,7,8;6,11,10,7;11,14,13,10;14,13,5,2;3,4,5,2;;:undefined,229922,229922,550000,550000,229922,229922,229922,229922,229922,229922,229922,229922,000000,229922

US Dalekonosná houfnice M97:
[1,1,0][1,1,1][1,1,1][100,50,0][97,32,0][87,17,0][73,6,0][55,1,0][37,2,0][20,11,0][8,24,0][1,1,1][1,1,1][8,77,0][20,90,0][37,99,0][55,100,0][73,95,0][87,84,0][97,69,0][95,50,12][92,34,12][84,20,12][71,10,12][55,6,12][38,7,9][23,15,6][12,27,3][6,33,0][6,67,0][12,74,3][23,86,6][38,94,9][55,95,12][71,91,12][84,81,12][92,67,12][44,55,15][55,55,15][55,45,15][44,45,15][30,70,0][40,70,0][50,50,9][40,80,0][40,30,0][30,30,0][40,20,0][67,50,0][75,56,0][75,44,0][1,1,1][85,50,0][83,38,0][76,27,0][66,19,0][54,16,0][41,17,0][29,23,0][22,34,0][10,40,0][10,60,0][22,68,0][29,78,0][41,84,0][54,85,0][66,82,0][76,74,0][83,63,0][33,57,9][40,50,3][33,43,9][61,48,54][65,52,54][65,48,54][61,52,54][80,49,108][81,51,108][79,51,108][81,49,108][1,1,1][61,59,54][65,66,54][54,59,48][54,66,48][43,63,36][43,38,36][58,63,30][58,38,30][50,55,33][50,48,33][43,55,36][43,48,36][18,57,0][24,64,0][30,59,0][24,52,0][24,64,9][24,52,9][30,59,9][18,57,9]:45,39,44,43;;43,44,38,42;39,38,42,45;39,50,51,40;50,49,44,39;49,51,40,44;40,41,47,48;44,46,48,40;44,41,47,46;;;;30,14,15,16,17,18,19,20,4,5,6,7,8,9,10,11,29,28,27,26,25,24,23,22,21,37,36,35,34,33,32,31;30,62,63,64,65,66,67,68,69,53,54,55,56,57,58,59,60,61,29,28,27,26,25,24,23,22,21,37,36,35,34,33,32,31;;38,44,71,70;44,71,72,41;38,41,72,70;38,39,74,76;38,76,73,41;41,40,75,73;39,40,75,74;73,75,80,77;74,75,80,78;76,73,77,79;76,74,78,79;;79,78,80,77;74,76,82,84,85,83;86,88,89,87,93,91,90,92;95,96,100,98;94,97,99,101;96,97,99,100;95,94,101,98;98,100,99,101;:005500,005500,005500,005500,005500,005500,005500,005500,005500,005500,undefined,undefined,undefined,440000,999900,undefined,undefined,undefined,undefined,005500,005500,005500,005500,005500,005500,005500,005500,005500,005500,undefined,undefined,550000,550000,550000,550000,550000

Pentagram:
[1,1,0][100,50,0][97,32,0][87,17,0][73,6,0][55,1,0][37,2,0][20,11,0][8,24,0][1,41,0][1,60,0][8,77,0][20,90,0][37,99,0][55,100,0][73,95,0][87,84,0][97,69,0][69,63,1][95,50,2][64,8,2][14,24,2][14,77,2][64,93,2][27,50,1][43,72,1][44,28,1][69,36,1]:16,17,18,2,3,4,5,6,7,8,9,10,11,12,13,14,15;21,23,20,22,24;26,19,28,27,25;:FFFFFF,990000,990099

Aquadukt rovný:
[1,1,0][10,55,0][10,45,0][90,45,0][90,55,0][100,55,0][100,45,0][0,45,0][0,55,0][45,55,0][55,55,0][45,45,0][55,45,0][65,55,18][20,55,18][20,45,18][35,55,18][35,45,18][80,45,18][80,55,18][65,45,18][28,55,24][28,45,24][73,55,24][73,45,24][100,55,30][0,55,30][0,45,30][100,45,30][100,54,27][0,54,27][0,46,27][100,46,27]:6,5,20,24,14,11,10,17,22,15,2,9,27,26;;;;;29,33,30,26,6,7;27,9,8,32,31;31,30,26,27;29,32,33;31,30,33,32;;29,7,4,19,25,21,13,12,18,23,16,3,8,28:ffffff,ffffff,ffffff,ffffff,ffffff,ffffff,ffffff,fffffff,ffffff,0000ff,ffffff,ffffff

Letiste:
[1,1,0][99,99,0][99,1,0][1,1,0][1,99,0][99,40,0][40,53,0][40,99,0][55,40,0][99,40,25][55,40,25][48,27,0][33,27,0][25,40,0][33,53,0][48,53,0][40,99,25][40,53,25][55,40,75][48,27,75][33,27,75][25,40,75][33,53,75][48,53,75][99,1,25][1,1,25][1,99,25][48,27,25][33,27,25][25,40,25][33,53,25][64,40,85][54,20,85][28,20,85][16,40,85][28,61,85][52,61,85][52,61,97][28,61,97][16,40,97][28,20,97][54,20,97][64,40,97][53,21,97][53,20,97][54,20,97][54,21,148]:;24,16,9,19;9,12,20,19;12,13,21,20;13,14,22,21;14,15,23,22;15,16,24,23;9,11,10,6;18,7,8,17;11,10,25,26,27,17,18,31,30,29,28;8,5,27,17;27,26,4,5;26,25,3,4;25,10,6,3;7,8,2,6,9,16;37,24,23,36;37,32,19,24;19,32,33,20;20,21,34,33;21,22,35,34;22,23,36,35;38,37,32,43;32,33,42,43;33,34,41,42;34,35,40,41;35,36,39,40;36,37,38,39;38,43,42,41,40,39;44,45,47;44,46,47;45,46,47:555555,555555,555555,555555,555555,555555,555555,555555,555555,555555,555555,555555,555555,555555,000000,555555,555555,555555,555555,555555,555555,0000FF,555555,0000FF,555555,0000ff,555555,555555,000000,000000,000000

Stan Lovců:
[1,1,0][80,80,0][70,80,0][70,90,0][80,90,0][30,90,0][30,80,0][20,80,0][20,90,0][60,75,0][40,75,0][80,70,0][20,70,0][10,45,0][90,45,0][80,25,0][20,25,0][50,15,0][50,70,18][70,65,18][30,65,18][30,30,18][70,30,18][80,45,18][20,45,18][50,24,18][50,46,36][75,85,51][25,85,51][35,83,0][66,83,0]:10,19,20,12;12,20,24,15;24,23,16,15;23,26,18,16;26,22,17,18;22,25,14,17;25,21,13,14;21,19,11,13;19,27,20;20,27,24;27,23,24;27,26,23;27,22,26;21,19,27;21,25,27;25,22,27;4,28,5;5,28,2;28,3,2;4,28,3;6,29,7;6,9,29;9,29,8;8,7,29;31,19,10;30,11,19;10,12,15,16,18,17,14,13,11:990000,990000,990000,990000,990000,990000,990000,990000,990000,990000,990000,990000,990000,990000,990000,990000,220000,220000,220000,220000,220000,220000,220000,220000,990000,990000,330000

Chýše:
[1,1,0][70,50,0][68,40,0][60,33,0][50,30,0][40,33,0][33,40,0][30,50,0][33,60,0][40,68,0][50,70,0][60,67,0][68,60,0][50,50,51][54,50,60][53,46,60][47,46,60][46,51,60][48,54,60][51,54,60][80,90,0][79,89,36][80,89,0][79,90,0]:12,13,2,3,4,5,6,7,8,9,10,11;;13,14,2;14,2,3;4,14,3;4,14,5;14,5,6;14,7,6;14,8,9;14,8,7;14,9,10;10,14,11;12,13,14;19,18,14;19,14,20;20,14,15;14,15,16;14,16,17;18,14,17;;;;21,22,24;21,23,22;24,23,22:110000,110,550000,550000,550000,550000,550000,550000,550000,550000,550000,550000,550000

hl1:
[1,1,0][30,30,0][40,40,0][30,80,0][40,80,0][80,30,0][80,40,0][30,70,0][40,70,0][30,40,0][40,30,0][70,30,0][70,40,0][30,30,35][30,40,35][40,40,35][40,30,35][30,70,35][40,70,35][40,80,35][30,80,35][70,40,35][80,40,35][70,30,35][80,30,35][40,80,40][80,40,40][30,80,40][30,30,40][80,30,40][40,40,40][30,70,40][30,40,40][40,30,40][70,30,40][80,10,0][70,10,0][30,10,0][40,10,0][10,30,0][10,40,0][10,70,0][10,80,0][50,10,0][60,10,0][50,30,40][60,30,40][30,50,40][30,60,40][10,50,0][10,60,0][70,40,40][40,70,40][60,40,40][40,60,40][80,69,0][75,62,0][67,61,0][61,68,0][62,76,0][70,80,0][78,77,0][80,69,0][96,38,0][97,40,0][95,39,0][95,38,0][85,69,5][80,62,5][80,79,5][58,64,0][70,58,5][86,72,0][80,59,0][67,56,0][60,75,5][57,77,0][63,83,0][80,82,0][96,39,0][73,85,0][85,76,0][61,64,5][57,70,0][57,70,0][68,83,5][76,56,0][87,64,0]:;14,2,11,17;14,2,10,15;10,3,16,15;11,3,16,17;24,12,13,22;12,6,25,24;25,6,7,23;13,7,23,22;18,8,9,19;18,21,4,8;4,5,20,21;9,5,20,19;18,19,16,15;17,24,22,16;28,26,31,27,30,29;28,21,20,26;28,21,14,29;29,14,17,25,30;30,25,23,27;27,23,16,31;20,26,31,16;43,28,32,42;40,41,33,29;40,38,29;38,39,34,29;37,36,30,35;45,37,35,47;;39,44,46,34;51,49,48,50;48,50,41,33;50,32,28,51;48,49,43,42;53,26,27,52;54,55,31;56,57,58,59,60,61,62,63;70,79,62;79,82,70;62,82,70;88,68,73;63,73,68;63,88,68;74,88,69;57,74,69;57,88,69;75,87,72;75,58,72;87,58,87,58;87,57,72;58,57,72;71,58,83;71,59,83;58,59,83;85,59,60,77;85,59,76;59,60,76;85,77,76;77,60,76;61,81,86;86,61,78;78,81,86;46,47,45,44:663300,663300,663300,663300,663300,663300,663300,663300,663300,663300,663300,663300,663300,663300,552200,552200,552200,552200,552200,552200,552200,552200,663300,663300,663300,663300,663300,665500,662200,663300,663300,773300,553300,553300,003300,003300,000000,666666,666666,666666,666666,666666,undefined,666666,666666,666666,undefined,666666,666666,666666,666666,666666,undefined,666666,666666,666666,666666,undefined,666666,666666,666666,666666,663300

hl2:
[1,1,0][30,30,0][40,40,0][30,80,0][40,80,0][80,30,0][80,40,0][30,70,0][40,70,0][30,40,0][40,30,0][70,30,0][70,40,0][30,30,35][30,40,35][40,40,35][40,30,35][30,70,35][40,70,35][40,80,35][30,80,35][70,40,35][80,40,35][70,30,35][80,30,35][40,80,40][80,40,40][30,80,40][30,30,40][80,30,40][40,40,40][30,70,40][30,40,40][40,30,40][70,30,40][80,10,0][70,10,0][30,10,0][40,10,0][10,30,0][10,40,0][10,70,0][10,80,0][50,10,0][60,10,0][50,30,40][60,30,40][30,50,40][30,60,40][10,50,0][10,60,0][70,40,40][40,70,40][60,40,40][40,60,40][80,69,0][75,62,0][67,61,0][61,68,0][62,76,0][70,80,0][78,77,0][80,69,0][96,38,0][97,40,0][95,39,0][95,38,0][85,69,5][80,62,5][80,79,5][58,64,0][70,58,5][86,72,0][80,59,0][67,56,0][60,75,5][57,77,0][63,83,0][80,82,0][96,39,0][73,85,0][85,76,0][61,64,5][57,70,0][57,70,0][68,83,5][76,56,0][87,64,0][40,40,90][60,40,90][40,60,90][60,60,90][55,55,90][55,55,40][60,60,40][50,50,130]:31,54,90,89;31,89,91,55;94,95,92,93;91,92,90,89;;89,96,91;89,96,90;25,6,7,23;13,7,23,22;18,8,9,19;18,21,4,8;4,5,20,21;9,5,20,19;18,19,16,15;17,24,22,16;28,26,31,27,30,29;28,21,20,26;28,21,14,29;29,14,17,25,30;30,25,23,27;27,23,16,31;20,26,31,16;43,28,32,42;40,41,33,29;40,38,29;38,39,34,29;37,36,30,35;45,37,35,47;;39,44,46,34;51,49,48,50;48,50,41,33;50,32,28,51;48,49,43,42;53,26,27,52;54,55,31;56,57,58,59,60,61,62,63;70,79,62;79,82,70;62,82,70;88,68,73;63,73,68;63,88,68;74,88,69;57,74,69;57,88,69;75,87,72;75,58,72;87,58,87,58;87,57,72;58,57,72;71,58,83;71,59,83;58,59,83;85,59,60,77;85,59,76;59,60,76;85,77,76;77,60,76;61,81,86;86,61,78;78,81,86;46,47,45,44:996600,996600,663300,003300,003300,00CC00,00CC00,663300,663300,663300,663300,663300,663300,663300,552200,552200,552200,552200,552200,552200,552200,552200,663300,663300,663300,663300,663300,665500,662200,663300,663300,773300,553300,553300,003300,003300,000000,666666,666666,666666,666666,666666,undefined,666666,666666,666666,undefined,666666,666666,666666,666666,666666,undefined,666666,666666,666666,666666,undefined,666666,666666,666666,666666,663300

hl3:
[1,1,0][10,10,0][10,90,0][60,90,0][60,50,0][90,10,0][90,50,0][60,60,0][60,80,0][60,60,30][60,80,30][60,50,50][60,90,50][10,90,50][10,10,50][90,10,50][90,50,50][30,60,30][30,60,0][10,50,50][60,10,50][20,10,60][20,50,60][60,50,60][60,10,60][40,30,80][40,30,80][40,30,80][40,30,80][40,30,80][40,30,80][52,30,77][46,20,77][34,20,77][28,30,77][34,41,77][46,41,77][55,30,74][48,17,74][33,17,74][25,30,74][33,43,74][48,43,74][58,30,70][49,15,70][31,15,70][22,30,70][31,46,70][49,46,70][59,30,67][50,14,67][31,14,67][21,30,67][31,47,67][50,47,67][60,30,64][50,13,64][30,13,64][20,30,64][30,48,64][50,48,64][60,30,60][50,13,60][30,13,60][20,30,60][30,48,60][50,48,60][20,50,50][20,90,50][30,50,50][50,90,50][30,90,50][50,50,50]:12,17,7,5;17,7,6,16;16,6,2,15;2,15,14,3;3,14,13,4;13,12,5,8,10,11,9,4;19,8,10,18;20,23,24,12;20,23,22,15;24,12,21,25;15,22,25,21;23,24,25,22;;;;;;;32,37,31,26;33,32,26,27;34,33,27,28;35,34,28,29;36,35,29,30;37,36,30,31;38,43,37,32;39,38,32,33;40,39,33,34;41,40,34,35;42,41,35,36;43,42,36,37;44,49,43,38;45,44,38,39;46,45,39,40;47,46,40,41;48,47,41,42;49,48,42,43;50,55,49,44;51,50,44,45;52,51,45,46;53,52,46,47;54,53,47,48;55,54,48,49;56,61,55,50;57,56,50,51;58,57,51,52;59,58,52,53;60,59,53,54;61,60,54,55;62,67,61,56;63,62,56,57;64,63,57,58;65,64,58,59;66,65,59,60;67,66,60,61;20,68,69,14;68,70,13,71;69,72,12,73;;;12,17,16,21;:999977,999977,999977,999977,999977,999977,666666,663300,663300,663300,663300,663300,003300,003300,003300,003300,003300,003300,003300,003300,003300,003300,66FF33,66FF33,66FF33,66FF33,66FF33,66FF33,66FF33,66FF33,66FF33,66FF33,66FF33,66FF33,663300,663300,663300,663300,663300,663300,663300,663300,663300,663300,663300,663300,663300,663300,663300,663300,663300,663300,663300,663300,FF9900,663300,663300,003300,003300,003300

hl4:
[1,1,0][10,10,0][10,90,0][60,90,0][60,50,0][90,10,0][90,50,0][60,60,0][60,80,0][60,60,30][60,80,30][60,50,50][60,90,50][10,90,50][10,10,50][90,10,50][90,50,50][30,60,30][30,60,0][10,50,50][60,10,50][20,10,60][20,50,60][60,50,60][60,10,60][40,30,80][40,30,80][40,30,80][40,30,80][40,30,80][40,30,80][52,30,77][46,20,77][34,20,77][28,30,77][34,41,77][46,41,77][55,30,74][48,17,74][33,17,74][25,30,74][33,43,74][48,43,74][58,30,70][49,15,70][31,15,70][22,30,70][31,46,70][49,46,70][59,30,67][50,14,67][31,14,67][21,30,67][31,47,67][50,47,67][60,30,64][50,13,64][30,13,64][20,30,64][30,48,64][50,48,64][60,30,60][50,13,60][30,13,60][20,30,60][30,48,60][50,48,60][20,50,50][20,90,50][30,50,50][50,90,50][30,90,50][50,50,50]:12,17,7,5;17,7,6,16;16,6,2,15;2,15,14,3;3,14,13,4;13,12,5,8,10,11,9,4;19,8,10,18;20,23,24,12;20,23,22,15;24,12,21,25;15,22,25,21;23,24,25,22;;;;;;;32,37,31,26;33,32,26,27;34,33,27,28;35,34,28,29;36,35,29,30;37,36,30,31;38,43,37,32;39,38,32,33;40,39,33,34;41,40,34,35;42,41,35,36;43,42,36,37;44,49,43,38;45,44,38,39;46,45,39,40;47,46,40,41;48,47,41,42;49,48,42,43;50,55,49,44;51,50,44,45;52,51,45,46;53,52,46,47;54,53,47,48;55,54,48,49;56,61,55,50;57,56,50,51;58,57,51,52;59,58,52,53;60,59,53,54;61,60,54,55;62,67,61,56;63,62,56,57;64,63,57,58;65,64,58,59;66,65,59,60;67,66,60,61;20,68,69,14;68,70,13,71;69,72,12,73;;;12,17,16,21;:CCCCCC,CCCCCC,CCCCCC,CCCCCC,CCCCCC,CCCCCC,666666,666666,666666,666666,666666,666666,666666,666666,666666,666666,666666,666666,FF9900,FF9900,FF9900,FF9900,FF9900,FF9900,FF9900,FF9900,66FF33,FF9900,FF9900,66FF33,FF9900,FF9900,66FF33,FF9900,FF9900,663300,FF9900,FFFF00,FFFF00,FFFF00,FFFF00,FFFF00,FFFF00,663300,FFFF00,FFFF00,FFFF00,FFFF00,FFFF00,663300,FFFF00,663300,FFFF00,FFFF00,666666,663300,663300,663300,663300,666666,FFFF00

věž aavas:
[57,75,170][44,75,170][75,44,0][75,57,170][68,33,0][30,85,170][57,26,0][75,44,170][44,26,0][68,33,170][33,33,0][44,26,170][26,44,0][68,68,170][26,57,0][33,33,170][33,68,0][73,85,170][44,75,0][57,26,170][57,75,0][10,50,170][68,68,0][30,16,170][75,57,0][70,17,170][38,29,180][90,50,0][70,17,0][30,16,0][10,50,0][30,85,0][73,85,0][26,44,173][90,50,170][33,68,170][26,57,170][38,71,180][26,50,180][44,26,200][62,72,180][75,50,180][62,29,180][57,26,200][33,33,200][26,57,200][75,57,200][57,75,200][68,33,200][26,44,200][44,75,200][33,68,200][68,68,200][75,44,200][51,50,220][33,33,250][75,44,250][44,75,250][68,68,250][26,57,250][57,26,250]:16,11,30,24;24,12,9,30;12,20,7,9;20,26,29,7;29,26,10,5;;5,10,8,3;3,28,35,8;28,35,4,25;25,4,14,23;23,33,18,14;;21,33,18,1;2,1,21,19;32,19,2,6;6,32,17,36;36,17,15,37;;15,31,22,37;22,34,13,31;34,16,11,13;;;;;;;;;;;;;24,27,16;24,12,24,27,12;43,20,26;43,26,10;42,8,35;42,35,4;41,14,18;1,18,41;6,38,2;6,38,36;22,37,39;22,39,34;;;;;12,20,44,40;44,44,44;;;;20,10,49,44;10,8,54,49;54,8,4,47;47,4,14,53;53,14,1,48;51,48,1,2;52,51,2,36;36,52,46,37;37,46,50,34;34,50,45,16;45,40,12,16;;;;;;;;;;50,56,45;45,56,40;40,61,44;44,61,49;49,57,54;54,57,47;47,59,53;48,53,59;52,58,51;51,48,58;52,46,60;46,60,50;50,56,55;50,55,60;56,40,55;40,61,55;55,61,49;55,49,57;55,57,47;55,47,59;55,59,48;58,55,48;52,58,55;52,60,55:555555,555555,444444,555555,555555,555555,666666,555555,555555,444444,555555,555555,555555,666666,555555,555555,444444,444444,555555,555555,555555,000000,000000,000000,000000,000000,000000,000000,000000,000000,FF0000,FF0000,FF0000,FF9900,FF9900,FF9900,FF9900,FF9900,FF9900,FF9900,FF9900,FF9900,FF9900,FF9900,FF9900,FF9900,FF9900,FF9900,003300,003300,003300,003300,003300,003300,003300,003300,003300,003300,003300,003300,003300,003300,003300,003300,003300,003300,003300,003300,003300,003300,003300,003300,003300,003300,FF9900,FF9900,FF9900,FF9900,FF9900,FF9900,FF9900,FF9900,FF9900,FF9900,FF9900,FF9900,FF9900,FF8800,FF8800,FF8800,FF8800,FF8800,FF8800,FF8800,FF8800,FF8800,FF8800,FF8800

malá kamenná hradba:
{[1,1,0][40,90,0][60,90,0][40,60,0][60,60,0][10,60,0][10,40,0][40,40,0][40,10,0][60,40,0][60,10,0][90,40,0][90,60,0][60,40,50][60,10,50][90,40,50][60,60,50][60,90,50][90,60,50][40,90,50][40,60,50][10,60,50][40,10,50][40,40,50][10,40,50][40,70,50][60,70,50][60,90,50][40,90,50][30,60,50][10,60,50][30,40,50][10,40,50][40,30,50][60,30,50][60,10,50][40,10,50][70,40,50][90,40,50][70,60,50][90,60,50][45,89,70][55,89,70][11,45,70][45,71,70][55,71,70][29,55,70][29,45,70][11,55,70][71,55,70][89,55,70][71,45,70][89,45,70][45,29,70][55,29,70][45,11,70][55,11,70][45,45,70][55,45,70][45,55,70][55,55,70]:7,25,22,6;20,18,3,2;16,12,13,19;12,10,14,16;10,14,15,11;9,11,15,23;23,9,8,24;7,25,24,8;6,4,21,22;21,4,2,2,20;3,5,17,18;5,13,19,17;20,18,17,19,16,14,15,23,24,25,22,21;34,54,55,35;34,54,56,37;37,56,57,36;57,55,35,36;38,52,50,40;53,51,41,39;38,39,53,52;50,51,41,40;45,46,27,26;29,42,43,28;46,43,28,27,27;26,45,42,29;31,49,47,30;33,44,49,31;33,32,48,44;31,49,47,30;47,30,32,48;24,58,59,14;24,58,60,21;21,60,61,17;17,61,59,14;56,57,55,54;52,53,51,50;45,46,43,42;58,59,61,60;44,48,47,49:CCCCCC,CCCCCC,CCCCCC,CCCCCC,CCCCCC,CCCCCC,CCCCCC,CCCCCC,CCCCCC,CCCCCC,CCCCCC,CCCCCC,CCCCCC,CCCCCC,CCCCCC,CCCCCC,CCCCCC,CCCCCC,CCCCCC,CCCCCC,CCCCCC,CCCCCC,CCCCCC,CCCCCC,CCCCCC,CCCCCC,CCCCCC,CCCCCC,CCCCCC,CCCCCC,CCCCCC,CCCCCC,CCCCCC,CCCCCC,CCCCCC,CCCCCC,CCCCCC,CCCCCC,CCCCCC}{[1,1,0][40,100,0][60,100,0][40,40,0][60,40,0][40,100,50][60,100,50][40,40,50][60,40,50][40,90,50][60,90,50][40,70,50][60,70,50][45,71,70][55,71,70][45,89,70][55,89,70]:6,2,3,7;8,4,5,9;8,4,2,6;5,9,7,3;8,9,7,6;10,16,17,11;10,16,14,12;12,13,15,14;15,17,11,13;14,15,17,16:CCCCCC,CCCCCC,CCCCCC,CCCCCC,CCCCCC,CCCCCC,CCCCCC,CCCCCC,CCCCCC,CCCCCC:90}{[1,1,0][40,100,0][60,100,0][40,40,0][60,60,0][100,40,0][100,60,0][40,40,50][40,100,50][60,100,50][60,60,50][100,60,50][100,40,50][40,70,50][60,70,50][40,90,50][60,90,50][70,40,50][70,60,50][90,40,50][90,60,50][45,71,70][55,71,70][45,89,70][55,89,70][71,45,70][89,45,70][71,55,70][89,55,70]:10,3,5,11;2,9,10,3;4,8,9,2;4,8,13,6;13,12,7,6;11,5,7,12;9,10,11,12,13,8;19,28,29,21;19,28,26,18;18,26,27,20;27,29,21,20;26,27,29,28;14,15,23,22;14,22,24,16;16,24,25,17;17,25,23,15;22,23,25,24;:CCCCCC,CCCCCC,CCCCCC,CCCCCC,CCCCCC,CCCCCC,CCCCCC,CCCCCC,CCCCCC,CCCCCC,CCCCCC,CCCCCC,CCCCCC,CCCCCC,CCCCCC,CCCCCC,CCCCCC,CCCCCC:90}{[1,1,0][40,0,50][60,0,50][40,100,50][60,100,50][40,0,0][60,0,0][40,100,0][60,100,0][40,10,50][60,10,50][40,30,50][60,30,50][40,40,50][40,60,50][40,70,50][40,90,50][60,70,50][60,90,50][60,60,50][60,40,50][45,11,70][45,29,70][56,11,70][56,29,70][44,41,70][44,59,70][55,41,70][55,59,70][45,71,70][56,71,70][45,89,70][56,89,70]:8,4,2,6;5,9,7,3;2,3,5,4;6,7,3,2;8,9,5,4;17,32,33,19;17,32,30,16;30,32,33,31;26,27,29,28;22,23,25,24;31,33,19,18;16,17,32,30;16,30,31,18;29,20,21,28;28,21,14,26;14,26,27,15;12,23,25,13;25,13,11,24;22,24,11,10,10;10,22,23,12:CCCCCC,CCCCCC,CCCCCC,CCCCCC,CCCCCC,CCCCCC,CCCCCC,CCCCCC,CCCCCC,CCCCCC,CCCCCC,CCCCCC,CCCCCC,CCCCCC,CCCCCC,CCCCCC,CCCCCC,CCCCCC,CCCCCC,CCCCCC:90}{[1,99,0][0,60,0][0,40,0][40,0,0][60,0,0][100,40,0][100,60,0][40,40,0][60,40,0][40,40,50][40,0,50][60,40,50][60,0,50][100,40,50][0,40,50][0,60,50][100,60,50][40,10,50][40,30,50][60,30,50][60,10,50][70,40,50][90,40,50][90,60,50][70,60,50][30,40,50][30,60,50][10,60,50][10,40,50][11,55,70][29,55,70][29,45,70][11,45,70][71,55,70][89,55,70][71,45,70][89,45,70][45,29,70][45,11,70][55,29,70][55,11,70]:17,7,6,14;11,13,5,4;3,15,16,2;4,8,10,11;3,8,10,15;5,13,12,9;9,6,14,12;2,7,17,16;16,17,14,12,13,11,10,15;18,39,41,21;38,40,20,19;22,36,34,25;35,37,23,24;28,30,33,29;31,32,26,27;28,27,31,30;33,32,26,29;36,37,23,22;25,24,35,34;41,21,20,40;19,38,39,18;38,40,41,39;36,37,35,34;33,32,31,30:CCCCCC,CCCCCC,CCCCCC,CCCCCC,CCCCCC,CCCCCC,CCCCCC,CCCCCC,CCCCCC,CCCCCC,CCCCCC,CCCCCC,CCCCCC,CCCCCC,CCCCCC,CCCCCC,CCCCCC,CCCCCC,CCCCCC,CCCCCC,CCCCCC,CCCCCC,CCCCCC,CCCCCC}{[1,1,0][40,100,0][60,100,0][40,60,0][60,60,0][0,60,0][0,40,0][40,40,0][40,0,0][60,40,0][60,0,0][100,40,0][100,60,0][60,40,50][60,0,50][100,40,50][60,60,50][60,100,50][100,60,50][40,100,50][40,60,50][0,60,50][40,0,50][40,40,50][0,40,50][40,70,50][60,70,50][60,90,50][40,90,50][30,60,50][10,60,50][30,40,50][10,40,50][40,30,50][60,30,50][60,10,50][40,10,50][70,40,50][90,40,50][70,60,50][90,60,50][45,89,70][55,89,70][11,45,70][45,71,70][55,71,70][29,55,70][29,45,70][11,55,70][71,55,70][89,55,70][71,45,70][89,45,70][45,29,70][55,29,70][45,11,70][55,11,70][45,45,70][55,45,70][45,55,70][55,55,70]:7,25,22,6;20,18,3,2;16,12,13,19;12,10,14,16;10,14,15,11;9,11,15,23;23,9,8,24;7,25,24,8;6,4,21,22;21,4,2,2,20;3,5,17,18;5,13,19,17;20,18,17,19,16,14,15,23,24,25,22,21;34,54,55,35;34,54,56,37;37,56,57,36;57,55,35,36;38,52,50,40;53,51,41,39;38,39,53,52;50,51,41,40;45,46,27,26;29,42,43,28;46,43,28,27,27;26,45,42,29;31,49,47,30;33,44,49,31;33,32,48,44;31,49,47,30;47,30,32,48;24,58,59,14;24,58,60,21;21,60,61,17;17,61,59,14;56,57,55,54;52,53,51,50;45,46,43,42;58,59,61,60;44,48,47,49:CCCCCC,CCCCCC,CCCCCC,CCCCCC,CCCCCC,CCCCCC,CCCCCC,CCCCCC,CCCCCC,CCCCCC,CCCCCC,CCCCCC,CCCCCC,CCCCCC,CCCCCC,CCCCCC,CCCCCC,CCCCCC,CCCCCC,CCCCCC,CCCCCC,CCCCCC,CCCCCC,CCCCCC,CCCCCC,CCCCCC,CCCCCC,CCCCCC,CCCCCC,CCCCCC,CCCCCC,CCCCCC,CCCCCC,CCCCCC,CCCCCC,CCCCCC,CCCCCC,CCCCCC,CCCCCC}

palisáda:
{[1,1,0][40,26,0][57,26,0][71,32,0][36,25,0][31,36,0][72,37,0][48,70,51][77,44,0][44,68,0][72,52,0][44,69,0][67,62,0][51,69,0][55,66,0][42,66,0][56,68,0][35,25,48][49,27,48][36,67,48][50,70,48][38,63,63][58,64,48][63,67,39][31,59,57][71,56,57][28,52,0][27,53,63][77,42,63][27,42,48][73,38,48][35,32,54][57,30,54]:18,2,3,19;20,14,15,21;17,15,21,23;13,17,23,24;13,24,26,11;9,11,26,29;7,9,29,31;4,7,31,33;3,4,33,19;18,2,5,32;32,5,6,30;30,6,27,28;28,27,10,25;25,10,12,22;22,12,16,8;8,16,14,20;20,21,23,24,26,29,31,33,19,18,32,30,28,25,22,8:663300,663300,663300,663300,663300,663300,663300,663300,663300,663300,663300,663300,663300,663300,663300,663300,663300:90}{[1,1,0][48,33,0][64,36,0][62,40,0][48,38,0][45,52,0][64,49,0][45,93,51][60,62,0][46,73,0][60,76,0][45,82,0][60,86,0][45,100,0][55,100,0][44,94,0][58,93,0][46,32,48][63,36,48][45,100,48][55,100,48][46,85,63][58,92,48][59,85,39][45,73,57][59,76,57][44,58,0][44,63,63][60,62,63][44,56,48][59,49,48][45,37,54][62,43,54]:18,2,3,19;20,14,15,21;17,15,21,23;13,17,23,24;13,24,26,11;9,11,26,29;7,9,29,31;4,7,31,33;3,4,33,19;18,2,5,32;32,5,6,30;30,6,27,28;28,27,10,25;25,10,12,22;22,12,16,8;8,16,14,20;20,21,23,24,26,29,31,33,19,18,32,30,28,25,22,8:663300,663300,663300,663300,663300,663300,663300,663300,663300,663300,663300,663300,663300,663300,663300,663300,663300:90}{[1,1,0][100,35,0][100,45,0][87,45,0][72,32,0][44,30,0][70,45,0][46,87,51][57,44,0][46,59,0][60,60,0][44,72,0][59,72,0][45,100,0][55,100,0][45,86,0][60,87,0][100,35,48][100,45,48][45,100,48][55,100,48][45,73,63][58,86,48][58,72,39][47,61,57][58,60,57][41,44,0][42,45,63][60,45,63][44,31,48][71,44,48][72,30,54][87,44,54]:18,2,3,19;20,14,15,21;17,15,21,23;13,17,23,24;13,24,26,11;9,11,26,29;7,9,29,31;4,7,31,33;3,4,33,19;18,2,5,32;32,5,6,30;30,6,27,28;28,27,10,25;25,10,12,22;22,12,16,8;8,16,14,20;20,21,23,24,26,29,31,33,19,18,32,30,28,25,22,8:663300,663300,663300,663300,663300,663300,663300,663300,663300,663300,663300,663300,663300,663300,663300,663300,663300:90}{[1,1,0][45,0,0][55,0,0][53,15,0][41,15,0][44,30,0][57,31,0][46,87,51][57,44,0][46,59,0][60,60,0][44,72,0][59,72,0][45,100,0][55,100,0][45,86,0][60,87,0][45,0,48][55,0,48][45,100,48][55,100,48][45,73,63][58,86,48][58,72,39][47,61,57][58,60,57][41,44,0][42,45,63][60,45,63][44,31,48][60,30,48][41,16,54][56,14,54]:18,2,3,19;20,14,15,21;17,15,21,23;13,17,23,24;13,24,26,11;9,11,26,29;7,9,29,31;4,7,31,33;3,4,33,19;18,2,5,32;32,5,6,30;30,6,27,28;28,27,10,25;25,10,12,22;22,12,16,8;8,16,14,20;20,21,23,24,26,29,31,33,19,18,32,30,28,25,22,8:663300,663300,663300,663300,663300,663300,663300,663300,663300,663300,663300,663300,663300,663300,663300,663300,663300:90}{[1,1,0][45,100,0][55,100,0][0,45,0][100,45,0][0,55,0][100,55,0][43,88,0][60,88,0][44,75,0][62,72,0][16,44,0][23,60,0][32,44,0][55,100,48][40,59,0][63,61,0][83,58,0][62,44,0][84,46,0][0,45,48][18,47,60][35,49,36][0,55,48][22,59,33][55,86,57][61,44,60][83,52,39][100,45,48][45,100,48][45,84,36][40,57,45][100,55,48][80,55,60][58,70,36]:30,2,3,15;7,33,29,5;21,24,6,4;30,15,26,35,34,33,29,28,27,23,22,21,24,25,32,31;30,2,8,31;31,8,10,32;25,32,16,13;32,10,16;24,25,13,6;21,4,12,22;22,12,14,23;23,27,19,14;27,28,20,19;28,29,5,20;18,7,33,34;17,17,18,34,35;17,35,11;11,35,26,9;9,26,15,3:663300,663300,663300,663300,663300,663300,663300,663300,663300,663300,663300,663300,663300,663300,663300,663300,663300,663300,663300:180}{[1,1,0][45,100,0][55,100,0][0,45,0][100,45,0][0,55,0][100,55,0][43,88,0][60,88,0][44,75,0][62,72,0][16,44,0][23,60,0][42,44,0][55,100,48][40,59,0][63,61,0][83,58,0][60,45,0][84,46,0][0,45,48][18,47,60][33,49,36][0,55,48][22,59,33][55,86,57][63,51,60][83,52,39][100,45,48][45,100,48][45,84,36][40,57,45][100,55,48][80,55,60][58,70,36][42,33,0][61,33,0][42,16,0][61,19,0][45,0,0][55,0,0][55,0,48][45,0,48][58,19,66][46,17,33][59,33,27][49,33,66]:30,2,3,15;7,33,29,5;21,24,6,4;30,15,26,35,34,33,29,28,27,23,22,21,24,25,32,31;30,2,8,31;31,8,10,32;25,32,16,13;32,10,16;24,25,13,6;21,4,12,22;22,12,14,23;23,27,19,14;27,28,20,19;28,29,5,20;18,7,33,34;17,17,18,34,35;17,35,11;11,35,26,9;9,26,15,3;47,23,14,36;37,19,27,46;47,36,38,45;37,46,44,39;45,38,40,43;39,44,42,41;43,40,41,42;43,42,44,46,27,23,47,45:663300,663300,663300,663300,663300,663300,663300,663300,663300,663300,663300,663300,663300,663300,663300,663300,663300,663300,663300,663300,663300,663300,663300,663300,663300,663300,663300}

velká kamenná hradba:
{[1,1,0][30,30,0][70,30,0][30,70,0][70,70,0][30,30,50][70,30,50][30,70,50][70,70,50][40,40,50][60,40,50][40,60,50][60,60,50][45,45,100][55,45,100][45,55,100][55,55,100]:4,8,9,5;2,6,8,4;2,3,7,6;7,9,5,3;8,9,7,6;10,14,15,11;12,16,17,13;10,14,16,12;15,17,13,11:CCCCCC,CCCCCC,CCCCCC,CCCCCC,CCCCCC,CCCCCC,CCCCCC,CCCCCC,CCCCCC}{[1,1,0][31,30,0][70,30,0][30,100,0][70,100,0][31,30,50][70,30,50][30,100,50][70,100,50][40,40,50][60,40,50][40,100,50][60,100,50][46,60,100][55,60,100][45,100,100][55,100,100]:4,8,9,5;2,6,8,4;2,3,7,6;7,9,5,3;8,9,7,6;10,14,15,11;12,16,17,13;10,14,16,12;15,17,13,11;:CCCCCC,CCCCCC,CCCCCC,CCCCCC,CCCCCC,CCCCCC,CCCCCC,CCCCCC,CCCCCC,CCCCCC:90}{[1,1,0][30,30,0][30,100,0][70,100,0][100,70,0][100,30,0][70,70,0][30,30,50][30,100,50][70,100,50][70,70,50][100,70,50][100,30,50][40,40,50][100,60,50][60,60,50][45,100,100][45,45,100][100,45,100][40,100,50][60,100,50][100,40,50][55,100,100][55,55,100][100,55,100]:2,8,13,6;2,8,9,3;3,9,10,4;10,11,7,4;11,7,5,12;13,12,5,6;14,18,17,20;14,18,19,22;25,24,16,15;24,16,21,23;20,17,23,21;22,19,25,15;22,22,22;;17,23,24,25,19,18;13,8,9,10,11,12:CCCCCC,CCCCCC,CCCCCC,CCCCCC,CCCCCC,CCCCCC,CCCCCC,CCCCCC,CCCCCC,CCCCCC,CCCCCC,CCCCCC,CCCCCC,CCCCCC,CCCCCC,CCCCCC:90}{[1,1,0][30,0,0][70,0,0][30,100,0][70,100,0][30,0,50][70,0,50][30,100,50][70,100,50][40,0,50][60,0,50][40,100,50][60,100,50][45,0,100][55,0,100][45,100,100][55,100,100]:4,8,9,5;2,6,8,4;2,3,7,6;7,9,5,3;8,9,7,6;10,14,15,11;12,16,17,13;10,14,16,12;15,17,13,11:CCCCCC,CCCCCC,CCCCCC,CCCCCC,CCCCCC,CCCCCC,CCCCCC,CCCCCC,CCCCCC:90}{[1,1,0][0,30,0][100,30,0][0,70,0][100,70,0][30,100,0][70,100,0][30,70,0][70,70,0][0,30,50][0,70,50][30,70,50][30,100,50][70,70,50][70,100,50][100,70,50][100,30,50][60,60,50][40,60,50][60,100,50][40,100,50][100,60,50][100,40,50][0,60,50][0,40,50][55,55,100][45,55,100][55,100,100][45,100,100][100,55,100][100,45,100][0,55,100][0,45,100]:2,10,17,3;2,10,11,4;4,11,12,8;8,12,13,6;6,13,15,7;15,7,9,14;14,9,5,16;17,16,5,3;10,17,16,14,15,13,12,11;29,28,26,30,31,33,32,27;21,29,27,19;19,27,32,24;25,33,32,24;25,33,31,23;23,31,30,22;30,22,18,26;26,18,20,28;21,29,28,20;:CCCCCC,CCCCCC,CCCCCC,CCCCCC,CCCCCC,CCCCCC,CCCCCC,CCCCCC,CCCCCC,CCCCCC,CCCCCC,CCCCCC,CCCCCC,CCCCCC,CCCCCC,CCCCCC,CCCCCC,CCCCCC,CCCCCC:180}{[1,1,0][0,30,0][0,70,0][30,70,0][70,30,0][70,70,0][30,30,0][30,100,0][70,100,0][100,70,0][100,30,0][30,0,0][70,0,0][30,0,50][70,0,50][0,30,50][0,70,50][100,30,50][100,70,50][30,100,50][70,100,50][30,30,50][30,70,50][70,30,50][70,70,50][40,0,50][60,0,50][40,100,50][60,100,50][100,40,50][100,60,50][0,40,50][0,60,50][40,40,50][60,40,50][40,60,50][60,60,50][45,0,100][55,0,100][100,45,100][100,55,100][45,100,100][55,100,100][0,45,100][0,55,100][45,45,100][55,45,100][45,55,100][55,55,100]:8,20,23,4;23,4,3,17;17,16,2,3;2,7,22,16;7,12,14,22;12,13,15,14;15,13,5,24;5,11,18,24;18,11,10,19;25,19,10,6;21,25,6,9;20,21,9,8;20,23,17,16,22,14,15,24,18,19,25,21;28,42,43,29;40,41,31,30;38,39,27,26;44,45,33,32;32,34,46,44;34,46,38,26;47,35,27,39;35,47,40,30;49,37,31,41;;49,37,29,43;48,42,28,36;48,36,33,45;;44,45,48,42,43,49,41,40,47,39,38,46:CCCCCC,CCCCCC,CCCCCC,CCCCCC,CCCCCC,CCCCCC,CCCCCC,CCCCCC,CCCCCC,CCCCCC,CCCCCC,CCCCCC,CCCCCC,CCCCCC,CCCCCC,CCCCCC,CCCCCC,CCCCCC,CCCCCC,CCCCCC,CCCCCC,CCCCCC,CCCCCC,CCCCCC,CCCCCC,CCCCCC,CCCCCC,CCCCCC}

malé věže:
{[1,1,0][35,35,50][65,35,50][35,66,50][65,65,50][35,35,100][65,35,100][35,66,100][65,65,100][50,50,120][30,30,0][30,70,0][30,70,0][70,70,0][70,30,0][30,30,0][30,70,0][70,70,0][70,30,0][70,70,0][70,30,0][30,30,0][30,30,50][30,30,50][70,30,50][70,30,50][70,30,50][70,70,50][70,70,50][70,70,50][30,70,50][30,70,50][30,70,50][30,30,50]:8,4,5,9;8,4,2,6;6,2,3,7;3,5,9,7;;8,10,9;8,10,6;6,10,7;10,9,7;17,31,32,13;32,33,12,13;33,34,11,12;11,16,24,34;24,23,22,16;23,22,21,26;26,21,15,25;25,27,19,15;27,28,20,19;28,29,14,20;29,14,18,30;31,30,18,17;31,30,29,28,27,25,26,23,24,34,33,32:CCCCCC,CCCCCC,CCCCCC,CCCCCC,CCCCCC,FF9900,FF9900,FF9900,FF9900,CCCCCC,CCCCCC,CCCCCC,CCCCCC,CCCCCC,CCCCCC,CCCCCC,CCCCCC,CCCCCC,CCCCCC,CCCCCC,CCCCCC,CCCCCC}{[1,1,0][40,40,50][60,40,50][40,60,50][60,60,50][40,40,100][60,40,100][40,60,100][60,60,100][50,50,120][0,30,0][0,70,0][30,70,0][70,70,0][70,30,0][30,30,0][30,100,0][70,100,0][100,30,0][100,70,0][70,1,0][30,0,0][40,2,50][30,30,50][70,30,50][60,3,50][93,37,50][93,62,50][66,66,50][70,100,50][30,100,50][39,66,50][9,66,50][8,37,50]:8,4,5,9;8,4,2,6;6,2,3,7;3,5,9,7;;8,10,9;8,10,6;6,10,7;10,9,7;17,31,24,16;17,31,30,18;18,30,25,15;16,24,25,15;31,30,25,24:CCCCCC,CCCCCC,CCCCCC,CCCCCC,CCCCCC,FF9900,FF9900,FF9900,FF9900,CCCCCC,CCCCCC,CCCCCC,CCCCCC,CCCCCC:90}{[1,1,0][40,40,50][60,40,50][40,60,50][60,60,50][40,40,100][60,40,100][40,60,100][60,60,100][50,50,120][30,30,0][30,70,0][30,70,0][70,70,0][70,30,0][30,30,0][30,100,0][70,100,0][100,30,0][100,70,0][70,30,0][30,30,0][30,30,50][30,30,50][70,30,50][70,30,50][100,30,50][100,70,50][70,70,50][70,100,50][30,100,50][30,70,50][30,70,50][30,30,50]:8,4,5,9;8,4,2,6;6,2,3,7;3,5,9,7;;8,10,9;8,10,6;6,10,7;10,9,7;11,34,33,12;22,23,26,21;27,28,20,19;31,30,18,17;33,32,13,12;13,32,31,17;30,18,14,29;29,14,20,28;27,19,15,25;25,26,21,15;22,23,24,16;24,34,11,16;34,24,23,26,25,27,28,29,30,31,32,33:CCCCCC,CCCCCC,CCCCCC,CCCCCC,CCCCCC,FF9900,FF9900,FF9900,FF9900,CCCCCC,CCCCCC,CCCCCC,CCCCCC,CCCCCC,CCCCCC,CCCCCC,CCCCCC,CCCCCC,CCCCCC,CCCCCC,CCCCCC,CCCCCC:90}{[1,1,0][40,40,50][60,40,50][40,60,50][60,60,50][40,40,100][60,40,100][40,60,100][60,60,100][50,50,120][0,30,0][0,70,0][30,70,0][70,70,0][70,0,0][30,0,0][30,100,0][70,100,0][100,30,0][100,70,0][70,0,0][30,0,0][40,2,50][30,0,50][70,0,50][60,3,50][93,37,50][93,62,50][66,66,50][70,100,50][30,100,50][39,66,50][9,66,50][8,37,50]:8,4,5,9;8,4,2,6;6,2,3,7;3,5,9,7;;8,10,9;8,10,6;6,10,7;10,9,7;17,31,24,16;17,31,30,18;18,30,25,15;16,24,25,15;31,30,25,24:CCCCCC,CCCCCC,CCCCCC,CCCCCC,CCCCCC,FF9900,FF9900,FF9900,FF9900,CCCCCC,CCCCCC,CCCCCC,CCCCCC,CCCCCC:90}{[1,1,0][40,40,50][60,40,50][40,60,50][60,60,50][40,40,100][60,40,100][40,60,100][60,60,100][50,50,120][30,30,0][30,70,0][30,70,0][70,70,0][70,30,0][30,30,0][30,100,0][70,100,0][100,30,0][100,70,0][70,0,0][30,0,0][30,0,50][30,30,50][70,30,50][70,0,50][100,30,50][100,70,50][70,70,50][70,100,50][30,100,50][30,70,50][30,70,50][30,30,50]:8,4,5,9;8,4,2,6;6,2,3,7;3,5,9,7;;8,10,9;8,10,6;6,10,7;10,9,7;11,34,33,12;22,23,26,21;27,28,20,19;31,30,18,17;33,32,13,12;13,32,31,17;30,18,14,29;29,14,20,28;27,19,15,25;25,26,21,15;22,23,24,16;24,34,11,16;34,24,23,26,25,27,28,29,30,31,32,33:CCCCCC,CCCCCC,CCCCCC,CCCCCC,CCCCCC,FF9900,FF9900,FF9900,FF9900,CCCCCC,CCCCCC,CCCCCC,CCCCCC,CCCCCC,CCCCCC,CCCCCC,CCCCCC,CCCCCC,CCCCCC,CCCCCC,CCCCCC,CCCCCC:180}{[1,1,0][40,40,50][60,40,50][40,60,50][60,60,50][40,40,100][60,40,100][40,60,100][60,60,100][50,50,120][0,30,0][0,70,0][30,70,0][70,70,0][70,30,0][30,30,0][30,100,0][70,100,0][100,30,0][100,70,0][70,0,0][30,0,0][30,0,50][30,30,50][70,30,50][70,0,50][100,30,50][100,70,50][70,70,50][70,100,50][30,100,50][30,70,50][0,70,50][0,30,50]:8,4,5,9;8,4,2,6;6,2,3,7;3,5,9,7;;8,10,9;8,10,6;6,10,7;10,9,7;11,34,33,12;22,23,26,21;27,28,20,19;31,30,18,17;33,32,13,12;13,32,31,17;30,18,14,29;29,14,20,28;27,19,15,25;25,26,21,15;22,23,24,16;24,34,11,16;34,24,23,26,25,27,28,29,30,31,32,33:CCCCCC,CCCCCC,CCCCCC,CCCCCC,CCCCCC,FF9900,FF9900,FF9900,FF9900,CCCCCC,CCCCCC,CCCCCC,CCCCCC,CCCCCC,CCCCCC,CCCCCC,CCCCCC,CCCCCC,CCCCCC,CCCCCC,CCCCCC,CCCCCC}

velké věže:
{[1,1,0][35,35,50][65,35,50][35,66,50][65,65,50][35,35,200][65,35,200][35,66,200][65,65,200][50,50,250][30,30,0][30,70,0][30,70,0][70,70,0][70,30,0][30,30,0][30,70,0][70,70,0][70,30,0][70,70,0][70,30,0][30,30,0][30,30,50][30,30,50][70,30,50][70,30,50][70,30,50][70,70,50][70,70,50][70,70,50][30,70,50][30,70,50][30,70,50][30,30,50]:8,4,5,9;8,4,2,6;6,2,3,7;3,5,9,7;;8,10,9;8,10,6;6,10,7;10,9,7;17,31,32,13;32,33,12,13;33,34,11,12;11,16,24,34;24,23,22,16;23,22,21,26;26,21,15,25;25,27,19,15;27,28,20,19;28,29,14,20;29,14,18,30;31,30,18,17;31,30,29,28,27,25,26,23,24,34,33,32:CCCCCC,CCCCCC,CCCCCC,CCCCCC,CCCCCC,FF9900,FF9900,FF9900,FF9900,CCCCCC,CCCCCC,CCCCCC,CCCCCC,CCCCCC,CCCCCC,CCCCCC,CCCCCC,CCCCCC,CCCCCC,CCCCCC,CCCCCC,CCCCCC}{[1,1,0][35,35,50][65,35,50][35,66,50][65,65,50][35,35,200][65,35,200][35,66,200][65,65,200][50,50,250][30,30,0][30,70,0][30,70,0][70,70,0][70,30,0][30,30,0][30,100,0][70,100,0][70,30,0][70,70,0][70,30,0][30,30,0][30,30,50][30,30,50][70,30,50][70,30,50][70,30,50][70,70,50][70,70,50][70,100,50][30,100,50][30,70,50][30,70,50][30,30,50]:8,4,5,9;8,4,2,6;6,2,3,7;3,5,9,7;;8,10,9;8,10,6;6,10,7;10,9,7;17,31,32,13;32,33,12,13;33,34,11,12;11,16,24,34;24,23,22,16;23,22,21,26;26,21,15,25;25,27,19,15;27,28,20,19;28,29,14,20;29,14,18,30;31,30,18,17;31,30,29,28,27,25,26,23,24,34,33,32:CCCCCC,CCCCCC,CCCCCC,CCCCCC,CCCCCC,FF9900,FF9900,FF9900,FF9900,CCCCCC,CCCCCC,CCCCCC,CCCCCC,CCCCCC,CCCCCC,CCCCCC,CCCCCC,CCCCCC,CCCCCC,CCCCCC,CCCCCC,CCCCCC:90}{[1,1,0][35,35,50][65,35,50][35,66,50][65,65,50][35,35,200][65,35,200][35,66,200][65,65,200][50,50,250][30,30,0][30,70,0][30,70,0][70,70,0][70,30,0][30,30,0][30,100,0][70,100,0][100,30,0][100,70,0][70,30,0][30,30,0][30,30,50][30,30,50][70,30,50][70,30,50][100,30,50][100,70,50][70,70,50][70,100,50][30,100,50][30,70,50][30,70,50][30,30,50]:8,4,5,9;8,4,2,6;6,2,3,7;3,5,9,7;;8,10,9;8,10,6;6,10,7;10,9,7;17,31,32,13;32,33,12,13;33,34,11,12;11,16,24,34;24,23,22,16;23,22,21,26;26,21,15,25;25,27,19,15;27,28,20,19;28,29,14,20;29,14,18,30;31,30,18,17;31,30,29,28,27,25,26,23,24,34,33,32:CCCCCC,CCCCCC,CCCCCC,CCCCCC,CCCCCC,FF9900,FF9900,FF9900,FF9900,CCCCCC,CCCCCC,CCCCCC,CCCCCC,CCCCCC,CCCCCC,CCCCCC,CCCCCC,CCCCCC,CCCCCC,CCCCCC,CCCCCC,CCCCCC:90}{[1,1,0][35,35,50][65,35,50][35,66,50][65,65,50][35,35,200][65,35,200][35,66,200][65,65,200][50,50,250][30,30,0][30,70,0][30,70,0][70,70,0][70,30,0][30,30,0][30,100,0][70,100,0][70,30,0][70,70,0][70,0,0][30,0,0][30,0,50][30,30,50][70,30,50][70,0,50][70,30,50][70,70,50][70,70,50][70,100,50][30,100,50][30,70,50][30,70,50][30,30,50]:8,4,5,9;8,4,2,6;6,2,3,7;3,5,9,7;;8,10,9;8,10,6;6,10,7;10,9,7;17,31,32,13;32,33,12,13;33,34,11,12;11,16,24,34;24,23,22,16;23,22,21,26;26,21,15,25;25,27,19,15;27,28,20,19;28,29,14,20;29,14,18,30;31,30,18,17;31,30,29,28,27,25,26,23,24,34,33,32:CCCCCC,CCCCCC,CCCCCC,CCCCCC,CCCCCC,FF9900,FF9900,FF9900,FF9900,CCCCCC,CCCCCC,CCCCCC,CCCCCC,CCCCCC,CCCCCC,CCCCCC,CCCCCC,CCCCCC,CCCCCC,CCCCCC,CCCCCC,CCCCCC:90}{[1,1,0][35,35,50][65,35,50][35,66,50][65,65,50][35,35,200][65,35,200][35,66,200][65,65,200][50,50,250][30,30,0][30,70,0][30,70,0][70,70,0][70,30,0][30,30,0][30,100,0][70,100,0][100,30,0][100,70,0][70,0,0][30,0,0][30,0,50][30,30,50][70,30,50][70,0,50][100,30,50][100,70,50][70,70,50][70,100,50][30,100,50][30,70,50][30,70,50][30,30,50]:8,4,5,9;8,4,2,6;6,2,3,7;3,5,9,7;;8,10,9;8,10,6;6,10,7;10,9,7;17,31,32,13;32,33,12,13;33,34,11,12;11,16,24,34;24,23,22,16;23,22,21,26;26,21,15,25;25,27,19,15;27,28,20,19;28,29,14,20;29,14,18,30;31,30,18,17;31,30,29,28,27,25,26,23,24,34,33,32:CCCCCC,CCCCCC,CCCCCC,CCCCCC,CCCCCC,FF9900,FF9900,FF9900,FF9900,CCCCCC,CCCCCC,CCCCCC,CCCCCC,CCCCCC,CCCCCC,CCCCCC,CCCCCC,CCCCCC,CCCCCC,CCCCCC,CCCCCC,CCCCCC:180}{[1,1,0][35,35,50][65,35,50][35,66,50][65,65,50][35,35,200][65,35,200][35,66,200][65,65,200][50,50,250][0,30,0][0,70,0][30,70,0][70,70,0][70,30,0][30,30,0][30,100,0][70,100,0][100,30,0][100,70,0][70,0,0][30,0,0][30,0,50][30,30,50][70,30,50][70,0,50][100,30,50][100,70,50][70,70,50][70,100,50][30,100,50][30,70,50][0,70,50][0,30,50]:8,4,5,9;8,4,2,6;6,2,3,7;3,5,9,7;;8,10,9;8,10,6;6,10,7;10,9,7;17,31,32,13;32,33,12,13;33,34,11,12;11,16,24,34;24,23,22,16;23,22,21,26;26,21,15,25;25,27,19,15;27,28,20,19;28,29,14,20;29,14,18,30;31,30,18,17;31,30,29,28,27,25,26,23,24,34,33,32:CCCCCC,CCCCCC,CCCCCC,CCCCCC,CCCCCC,FF9900,FF9900,FF9900,FF9900,CCCCCC,CCCCCC,CCCCCC,CCCCCC,CCCCCC,CCCCCC,CCCCCC,CCCCCC,CCCCCC,CCCCCC,CCCCCC,CCCCCC,CCCCCC}

Most T2:
(_most/{}.png)

Hradba T2:
(_hradba/{}.png)
