
//tleft=;
//thour1=;
//tjoin=;
//tminute5=;
//thour2=;
//thour5=;
//tsecond5=;
//tsecond2=;
//tminute1=;
//tminute2=;
//tsecond1=;
//time=;
//building_main=;
//building_description_main=;
//building_flag=;
//building_description_flag=;
//building_master=;
//building_description_master=;
//building_market=;
//building_description_market=;
//building_embassy=;
//building_description_embassy=;
//building_palisade=;
//building_description_palisade=;
//[1,1,0][40,26,0][57,26,0][71,32,0][36,25,0][31,36,0][72,37,0][48,70,51][77,44,0][44,68,0][72,52,0][44,69,0][67,62,0][51,69,0][55,66,0][42,66,0][56,68,0][35,25,48][49,27,48][36,67,48][50,70,48][38,63,63][58,64,48][63,67,39][31,59,57][71,56,57][28,52,0][27,53,63][77,42,63][27,42,48][73,38,48][35,32,54][57,30,54]:18,2,3,19=;
//[1,1,0][48,33,0][64,36,0][62,40,0][48,38,0][45,52,0][64,49,0][45,93,51][60,62,0][46,73,0][60,76,0][45,82,0][60,86,0][45,100,0][55,100,0][44,94,0][58,93,0][46,32,48][63,36,48][45,100,48][55,100,48][46,85,63][58,92,48][59,85,39][45,73,57][59,76,57][44,58,0][44,63,63][60,62,63][44,56,48][59,49,48][45,37,54][62,43,54]:18,2,3,19=;
//[1,1,0][100,35,0][100,45,0][87,45,0][72,32,0][44,30,0][70,45,0][46,87,51][57,44,0][46,59,0][60,60,0][44,72,0][59,72,0][45,100,0][55,100,0][45,86,0][60,87,0][100,35,48][100,45,48][45,100,48][55,100,48][45,73,63][58,86,48][58,72,39][47,61,57][58,60,57][41,44,0][42,45,63][60,45,63][44,31,48][71,44,48][72,30,54][87,44,54]:18,2,3,19=;
//[1,1,0][45,0,0][55,0,0][53,15,0][41,15,0][44,30,0][57,31,0][46,87,51][57,44,0][46,59,0][60,60,0][44,72,0][59,72,0][45,100,0][55,100,0][45,86,0][60,87,0][45,0,48][55,0,48][45,100,48][55,100,48][45,73,63][58,86,48][58,72,39][47,61,57][58,60,57][41,44,0][42,45,63][60,45,63][44,31,48][60,30,48][41,16,54][56,14,54]:18,2,3,19=;
//[1,1,0][45,100,0][55,100,0][0,45,0][100,45,0][0,55,0][100,55,0][43,88,0][60,88,0][44,75,0][62,72,0][16,44,0][23,60,0][32,44,0][55,100,48][40,59,0][63,61,0][83,58,0][62,44,0][84,46,0][0,45,48][18,47,60][35,49,36][0,55,48][22,59,33][55,86,57][61,44,60][83,52,39][100,45,48][45,100,48][45,84,36][40,57,45][100,55,48][80,55,60][58,70,36]:30,2,3,15=;
//[1,1,0][45,100,0][55,100,0][0,45,0][100,45,0][0,55,0][100,55,0][43,88,0][60,88,0][44,75,0][62,72,0][16,44,0][23,60,0][42,44,0][55,100,48][40,59,0][63,61,0][83,58,0][60,45,0][84,46,0][0,45,48][18,47,60][33,49,36][0,55,48][22,59,33][55,86,57][63,51,60][83,52,39][100,45,48][45,100,48][45,84,36][40,57,45][100,55,48][80,55,60][58,70,36][42,33,0][61,33,0][42,16,0][61,19,0][45,0,0][55,0,0][55,0,48][45,0,48][58,19,66][46,17,33][59,33,27][49,33,66]:30,2,3,15=;
//building_small_wall=;
//building_description_small_wall=;
//[1,1,0][40,90,0][60,90,0][40,60,0][60,60,0][10,60,0][10,40,0][40,40,0][40,10,0][60,40,0][60,10,0][90,40,0][90,60,0][60,40,50][60,10,50][90,40,50][60,60,50][60,90,50][90,60,50][40,90,50][40,60,50][10,60,50][40,10,50][40,40,50][10,40,50][40,70,50][60,70,50][60,90,50][40,90,50][30,60,50][10,60,50][30,40,50][10,40,50][40,30,50][60,30,50][60,10,50][40,10,50][70,40,50][90,40,50][70,60,50][90,60,50][45,89,70][55,89,70][11,45,70][45,71,70][55,71,70][29,55,70][29,45,70][11,55,70][71,55,70][89,55,70][71,45,70][89,45,70][45,29,70][55,29,70][45,11,70][55,11,70][45,45,70][55,45,70][45,55,70][55,55,70]:7,25,22,6=;
//[1,1,0][40,100,0][60,100,0][40,40,0][60,40,0][40,100,50][60,100,50][40,40,50][60,40,50][40,90,50][60,90,50][40,70,50][60,70,50][45,71,70][55,71,70][45,89,70][55,89,70]:6,2,3,7=;
//[1,1,0][40,100,0][60,100,0][40,40,0][60,60,0][100,40,0][100,60,0][40,40,50][40,100,50][60,100,50][60,60,50][100,60,50][100,40,50][40,70,50][60,70,50][40,90,50][60,90,50][70,40,50][70,60,50][90,40,50][90,60,50][45,71,70][55,71,70][45,89,70][55,89,70][71,45,70][89,45,70][71,55,70][89,55,70]:10,3,5,11=;
//[1,1,0][40,0,50][60,0,50][40,100,50][60,100,50][40,0,0][60,0,0][40,100,0][60,100,0][40,10,50][60,10,50][40,30,50][60,30,50][40,40,50][40,60,50][40,70,50][40,90,50][60,70,50][60,90,50][60,60,50][60,40,50][45,11,70][45,29,70][56,11,70][56,29,70][44,41,70][44,59,70][55,41,70][55,59,70][45,71,70][56,71,70][45,89,70][56,89,70]:8,4,2,6=;
//[1,99,0][0,60,0][0,40,0][40,0,0][60,0,0][100,40,0][100,60,0][40,40,0][60,40,0][40,40,50][40,0,50][60,40,50][60,0,50][100,40,50][0,40,50][0,60,50][100,60,50][40,10,50][40,30,50][60,30,50][60,10,50][70,40,50][90,40,50][90,60,50][70,60,50][30,40,50][30,60,50][10,60,50][10,40,50][11,55,70][29,55,70][29,45,70][11,45,70][71,55,70][89,55,70][71,45,70][89,45,70][45,29,70][45,11,70][55,29,70][55,11,70]:17,7,6,14=;
//[1,1,0][40,100,0][60,100,0][40,60,0][60,60,0][0,60,0][0,40,0][40,40,0][40,0,0][60,40,0][60,0,0][100,40,0][100,60,0][60,40,50][60,0,50][100,40,50][60,60,50][60,100,50][100,60,50][40,100,50][40,60,50][0,60,50][40,0,50][40,40,50][0,40,50][40,70,50][60,70,50][60,90,50][40,90,50][30,60,50][10,60,50][30,40,50][10,40,50][40,30,50][60,30,50][60,10,50][40,10,50][70,40,50][90,40,50][70,60,50][90,60,50][45,89,70][55,89,70][11,45,70][45,71,70][55,71,70][29,55,70][29,45,70][11,55,70][71,55,70][89,55,70][71,45,70][89,45,70][45,29,70][55,29,70][45,11,70][55,11,70][45,45,70][55,45,70][45,55,70][55,55,70]:7,25,22,6=;
//building_big_wall=;
//building_description_big_wall=;
//[1,1,0][30,30,0][70,30,0][30,70,0][70,70,0][30,30,50][70,30,50][30,70,50][70,70,50][40,40,50][60,40,50][40,60,50][60,60,50][45,45,100][55,45,100][45,55,100][55,55,100]:4,8,9,5=;
//[1,1,0][31,30,0][70,30,0][30,100,0][70,100,0][31,30,50][70,30,50][30,100,50][70,100,50][40,40,50][60,40,50][40,100,50][60,100,50][46,60,100][55,60,100][45,100,100][55,100,100]:4,8,9,5=;
//[1,1,0][30,30,0][30,100,0][70,100,0][100,70,0][100,30,0][70,70,0][30,30,50][30,100,50][70,100,50][70,70,50][100,70,50][100,30,50][40,40,50][100,60,50][60,60,50][45,100,100][45,45,100][100,45,100][40,100,50][60,100,50][100,40,50][55,100,100][55,55,100][100,55,100]:2,8,13,6=;
//[1,1,0][30,0,0][70,0,0][30,100,0][70,100,0][30,0,50][70,0,50][30,100,50][70,100,50][40,0,50][60,0,50][40,100,50][60,100,50][45,0,100][55,0,100][45,100,100][55,100,100]:4,8,9,5=;
//[1,1,0][0,30,0][100,30,0][0,70,0][100,70,0][30,100,0][70,100,0][30,70,0][70,70,0][0,30,50][0,70,50][30,70,50][30,100,50][70,70,50][70,100,50][100,70,50][100,30,50][60,60,50][40,60,50][60,100,50][40,100,50][100,60,50][100,40,50][0,60,50][0,40,50][55,55,100][45,55,100][55,100,100][45,100,100][100,55,100][100,45,100][0,55,100][0,45,100]:2,10,17,3=;
//[1,1,0][0,30,0][0,70,0][30,70,0][70,30,0][70,70,0][30,30,0][30,100,0][70,100,0][100,70,0][100,30,0][30,0,0][70,0,0][30,0,50][70,0,50][0,30,50][0,70,50][100,30,50][100,70,50][30,100,50][70,100,50][30,30,50][30,70,50][70,30,50][70,70,50][40,0,50][60,0,50][40,100,50][60,100,50][100,40,50][100,60,50][0,40,50][0,60,50][40,40,50][60,40,50][40,60,50][60,60,50][45,0,100][55,0,100][100,45,100][100,55,100][45,100,100][55,100,100][0,45,100][0,55,100][45,45,100][55,45,100][45,55,100][55,55,100]:8,20,23,4=;
//building_dark_wall=;
//building_description_dark_wall=;
//building_small_tower_wall=;
//building_description_small_tower_wall=;
//[1,1,0][35,35,50][65,35,50][35,66,50][65,65,50][35,35,100][65,35,100][35,66,100][65,65,100][50,50,120][30,30,0][30,70,0][30,70,0][70,70,0][70,30,0][30,30,0][30,70,0][70,70,0][70,30,0][70,70,0][70,30,0][30,30,0][30,30,50][30,30,50][70,30,50][70,30,50][70,30,50][70,70,50][70,70,50][70,70,50][30,70,50][30,70,50][30,70,50][30,30,50]:8,4,5,9=;
//[1,1,0][40,40,50][60,40,50][40,60,50][60,60,50][40,40,100][60,40,100][40,60,100][60,60,100][50,50,120][0,30,0][0,70,0][30,70,0][70,70,0][70,30,0][30,30,0][30,100,0][70,100,0][100,30,0][100,70,0][70,1,0][30,0,0][40,2,50][30,30,50][70,30,50][60,3,50][93,37,50][93,62,50][66,66,50][70,100,50][30,100,50][39,66,50][9,66,50][8,37,50]:8,4,5,9=;
//[1,1,0][40,40,50][60,40,50][40,60,50][60,60,50][40,40,100][60,40,100][40,60,100][60,60,100][50,50,120][30,30,0][30,70,0][30,70,0][70,70,0][70,30,0][30,30,0][30,100,0][70,100,0][100,30,0][100,70,0][70,30,0][30,30,0][30,30,50][30,30,50][70,30,50][70,30,50][100,30,50][100,70,50][70,70,50][70,100,50][30,100,50][30,70,50][30,70,50][30,30,50]:8,4,5,9=;
//[1,1,0][40,40,50][60,40,50][40,60,50][60,60,50][40,40,100][60,40,100][40,60,100][60,60,100][50,50,120][0,30,0][0,70,0][30,70,0][70,70,0][70,0,0][30,0,0][30,100,0][70,100,0][100,30,0][100,70,0][70,0,0][30,0,0][40,2,50][30,0,50][70,0,50][60,3,50][93,37,50][93,62,50][66,66,50][70,100,50][30,100,50][39,66,50][9,66,50][8,37,50]:8,4,5,9=;
//[1,1,0][40,40,50][60,40,50][40,60,50][60,60,50][40,40,100][60,40,100][40,60,100][60,60,100][50,50,120][30,30,0][30,70,0][30,70,0][70,70,0][70,30,0][30,30,0][30,100,0][70,100,0][100,30,0][100,70,0][70,0,0][30,0,0][30,0,50][30,30,50][70,30,50][70,0,50][100,30,50][100,70,50][70,70,50][70,100,50][30,100,50][30,70,50][30,70,50][30,30,50]:8,4,5,9=;
//[1,1,0][40,40,50][60,40,50][40,60,50][60,60,50][40,40,100][60,40,100][40,60,100][60,60,100][50,50,120][0,30,0][0,70,0][30,70,0][70,70,0][70,30,0][30,30,0][30,100,0][70,100,0][100,30,0][100,70,0][70,0,0][30,0,0][30,0,50][30,30,50][70,30,50][70,0,50][100,30,50][100,70,50][70,70,50][70,100,50][30,100,50][30,70,50][0,70,50][0,30,50]:8,4,5,9=;
//building_big_tower_wall=;
//building_description_big_tower_wall=;
//[1,1,0][35,35,50][65,35,50][35,66,50][65,65,50][35,35,200][65,35,200][35,66,200][65,65,200][50,50,250][30,30,0][30,70,0][30,70,0][70,70,0][70,30,0][30,30,0][30,70,0][70,70,0][70,30,0][70,70,0][70,30,0][30,30,0][30,30,50][30,30,50][70,30,50][70,30,50][70,30,50][70,70,50][70,70,50][70,70,50][30,70,50][30,70,50][30,70,50][30,30,50]:8,4,5,9=;
//[1,1,0][35,35,50][65,35,50][35,66,50][65,65,50][35,35,200][65,35,200][35,66,200][65,65,200][50,50,250][30,30,0][30,70,0][30,70,0][70,70,0][70,30,0][30,30,0][30,100,0][70,100,0][70,30,0][70,70,0][70,30,0][30,30,0][30,30,50][30,30,50][70,30,50][70,30,50][70,30,50][70,70,50][70,70,50][70,100,50][30,100,50][30,70,50][30,70,50][30,30,50]:8,4,5,9=;
//[1,1,0][35,35,50][65,35,50][35,66,50][65,65,50][35,35,200][65,35,200][35,66,200][65,65,200][50,50,250][30,30,0][30,70,0][30,70,0][70,70,0][70,30,0][30,30,0][30,100,0][70,100,0][100,30,0][100,70,0][70,30,0][30,30,0][30,30,50][30,30,50][70,30,50][70,30,50][100,30,50][100,70,50][70,70,50][70,100,50][30,100,50][30,70,50][30,70,50][30,30,50]:8,4,5,9=;
//[1,1,0][35,35,50][65,35,50][35,66,50][65,65,50][35,35,200][65,35,200][35,66,200][65,65,200][50,50,250][30,30,0][30,70,0][30,70,0][70,70,0][70,30,0][30,30,0][30,100,0][70,100,0][70,30,0][70,70,0][70,0,0][30,0,0][30,0,50][30,30,50][70,30,50][70,0,50][70,30,50][70,70,50][70,70,50][70,100,50][30,100,50][30,70,50][30,70,50][30,30,50]:8,4,5,9=;
//[1,1,0][35,35,50][65,35,50][35,66,50][65,65,50][35,35,200][65,35,200][35,66,200][65,65,200][50,50,250][30,30,0][30,70,0][30,70,0][70,70,0][70,30,0][30,30,0][30,100,0][70,100,0][100,30,0][100,70,0][70,0,0][30,0,0][30,0,50][30,30,50][70,30,50][70,0,50][100,30,50][100,70,50][70,70,50][70,100,50][30,100,50][30,70,50][30,70,50][30,30,50]:8,4,5,9=;
//[1,1,0][35,35,50][65,35,50][35,66,50][65,65,50][35,35,200][65,35,200][35,66,200][65,65,200][50,50,250][0,30,0][0,70,0][30,70,0][70,70,0][70,30,0][30,30,0][30,100,0][70,100,0][100,30,0][100,70,0][70,0,0][30,0,0][30,0,50][30,30,50][70,30,50][70,0,50][100,30,50][100,70,50][70,70,50][70,100,50][30,100,50][30,70,50][0,70,50][0,30,50]:8,4,5,9=;
//building_bridge=;
//building_description_bridge=;
//building_warehouse=;
//building_description_warehouse=;
//building_lumberjack=;
//building_description_lumberjack=;
//building_mine=;
//building_description_mine=;
//building_big_warehouse=;
//building_description_big_warehouse=;
//building_big_lumberjack=;
//building_description_big_lumberjack=;
//building_big_mine=;
//building_description_big_mine=;
//building_hide=;
//building_description_hide=;
//building_tower=;
//building_description_tower=;
//building_expand_tower=;
//building_description_expand_tower=;
//building_attack_tower=;
//building_description_attack_tower=;
//building_defence_tower=;
//building_description_defence_tower=;
//building_small_temple=;
//building_description_small_temple=;
//building_big_temple=;
//building_description_big_temple=;
//building_statue=;
//building_description_statue=;
//timex=;
//ok=;
//tree=;
//rock=;
//timex1=;
//timex2=;